         0.000000000000000E+00
         0.000000000000000E+00
        -0.100000000000000E+00
        -0.100000000000000E+00
        -0.200000000000000E+00
        -0.200000000000000E+00
        -0.300000000000000E+00
        -0.300000000000000E+00
        -0.400000000000000E+00
        -0.400000000000000E+00
        -0.500000000000000E+00
        -0.500000000000000E+00
        -0.600000000000000E+00
        -0.600000000000000E+00
        -0.700000000000000E+00
        -0.700000000000000E+00
        -0.800000000000000E+00
        -0.800000000000000E+00
        -0.900000000000000E+00
        -0.900000000000000E+00
        -1.000000000000000E+00
        -1.000000000000000E+00
        -1.100000000000000E+00
        -1.100000000000000E+00
        -1.200000000000000E+00
        -1.200000000000000E+00
        -1.300000000000000E+00
        -1.300000000000000E+00
        -1.400000000000000E+00
        -1.400000000000000E+00
        -1.500000000000000E+00
        -1.500000000000000E+00
        -1.600000000000000E+00
        -1.600000000000000E+00
        -1.700000000000000E+00
        -1.700000000000000E+00
        -1.800000000000000E+00
        -1.800000000000000E+00
        -1.900000000000000E+00
        -1.900000000000000E+00
        -2.000000000000000E+00
        -2.000000000000000E+00
