0.00183 
0.00443 
0.00704 
0.00965 
0.01226 
0.01486 
0.01747 
0.02008 
0.02269 
0.02529 
0.02790 
0.03051 
0.03312 
0.03573 
0.03833 
0.04094 
0.04355 
0.04616 
0.04876 
0.05137 
0.05398 
0.05659 
0.05920 
0.06180 
0.06441 
0.06702 
0.06963 
0.07223 
0.07484 
0.07745 
0.08006 
0.08266 
0.08527 
0.08788 
0.09049 
0.09310 
0.09570 
0.09831 
0.10092 
0.10353 
0.10613 
0.10874 
0.11135 
0.11396 
0.11500 
0.11500 
0.11500 
0.11500 
0.11500 
0.11500 
0.11500 
0.11500 
0.11500 
0.11500 
0.11500 
0.11500 
0.11500 
0.11500 
0.11500 
0.11500 
0.11500 
0.11500 
0.11500 
0.11500 
0.11500 
0.11500 
0.11500 
0.11500 
0.11500 
0.11500 
0.11500 
0.11500 
0.11500 
0.11500 
0.11500 
0.11500 
0.11500 
0.11500 
0.11500 
0.11500 
0.11500 
0.11500 
0.11500 
0.11500 
0.11500 
0.11500 
0.11500 
0.11500 
0.11500 
0.11500 
0.11500 
0.11500 
0.11500 
0.11500 
0.11500 
0.11500 
0.11500 
0.11500 
0.11500 
0.11500 
0.11500 
0.11500 
0.11500 
0.11500 
0.11500 
0.11500 
0.11500 
0.11500 
0.11500 
0.11500 
0.11500 
0.11500 
0.11500 
0.11500 
0.11500 
0.11500 
0.11500 
0.11500 
0.11500 
0.11500 
0.11500 
0.11500 
0.11500 
0.11500 
0.11500 
0.11500 
0.11500 
0.11500 
0.11500 
0.11500 
0.11500 
0.11500 
0.11500 
0.11500 
0.11500 
0.11500 
0.11500 
0.11500 
0.11500 
0.11500 
0.11500 
0.11500 
0.11500 
0.11500 
0.11500 
0.11500 
0.11500 
0.11500 
0.11500 
0.11500 
0.11500 
0.11500 
0.11500 
0.11500 
0.11500 
0.11500 
0.11500 
0.11500 
0.11500 
0.11500 
0.11500 
0.11500 
0.11500 
0.11500 
0.11500 
0.11500 
0.11500 
0.11500 
0.11500 
0.11500 
0.11500 
0.11500 
0.11500 
0.11500 
0.11500 
0.11500 
0.11500 
0.11500 
0.11500 
0.11500 
0.11500 
0.11500 
0.11500 
0.11500 
0.11500 
0.11500 
0.11500 
0.11500 
0.11500 
0.11500 
0.11500 
0.11500 
0.11500 
0.11500 
0.11500 
0.11500 
0.11500 
0.11500 
0.11500 
0.11500 
0.11500 
0.11500 
0.11500 
0.11500 
0.11500 
0.11500 
0.11500 
0.11500 
0.11500 
0.11500 
0.11500 
0.11500 
0.11500 
0.11500 
0.11500 
0.11500 
0.11500 
0.11500 
0.11500 
0.11500 
0.11500 
0.11500 
0.11500 
0.11500 
0.11500 
0.11500 
0.11500 
0.11500 
0.11500 
0.11500 
0.11500 
0.11500 
0.11500 
0.11500 
0.11500 
0.11500 
0.11500 
0.11500 
0.11500 
0.11500 
0.11500 
0.11500 
0.11500 
0.11500 
0.11500 
0.11500 
0.11500 
0.11500 
0.11500 
0.11500 
0.11500 
0.11500 
0.11500 
0.11500 
0.11500 
0.11500 
0.11500 
0.11500 
0.11500 
0.11500 
0.11500 
0.11500 
0.11500 
0.11500 
0.11500 
0.11500 
0.11500 
0.11500 
0.11500 
0.11500 
0.11500 
0.11500 
0.11500 
0.11500 
0.11500 
0.11500 
0.11500 
0.11500 
0.11500 
0.11500 
0.11500 
0.11500 
0.11500 
0.11500 
0.11500 
0.11500 
0.11500 
0.11500 
0.11500 
0.11500 
0.11500 
0.11500 
0.11500 
0.11500 
0.11500 
0.11500 
0.11500 
0.11500 
0.11500 
0.11500 
0.11500 
0.11500 
0.11500 
0.11500 
0.11500 
0.11500 
0.11500 
0.11500 
0.11500 
0.11500 
0.11500 
0.11500 
0.11500 
0.11500 
0.11500 
0.11500 
0.11500 
0.11500 
0.11500 
0.11500 
0.11500 
0.11500 
0.11500 
0.11500 
0.11500 
0.11500 
0.11500 
0.11500 
0.11500 
0.11500 
0.11500 
0.11500 
0.11500 
0.11500 
0.11500 
0.11500 
0.11500 
0.11500 
0.11500 
0.11500 
0.11500 
0.11500 
0.11500 
0.11500 
0.11500 
0.11500 
0.11500 
0.11500 
0.11500 
0.11500 
0.11500 
0.11500 
0.11500 
0.11500 
0.11500 
0.11500 
0.11500 
0.11500 
0.11500 
0.11500 
0.11500 
0.11500 
0.11500 
0.11500 
0.11500 
0.11500 
0.11500 
0.11500 
0.11500 
0.11500 
0.11500 
0.11500 
0.11500 
0.11500 
0.11500 
0.11500 
0.11500 
0.11500 
0.11500 
0.11500 
0.11500 
0.11500 
0.11500 
0.11500 
0.11500 
0.11500 
0.11500 
0.11500 
0.11500 
0.11500 
0.11500 
0.11500 
0.11500 
0.11500 
0.11500 
0.11500 
0.11500 
0.11500 
0.11500 
0.11500 
0.11500 
0.11500 
0.11500 
0.11500 
0.11500 
0.11500 
0.11500 
0.11500 
0.11500 
0.11500 
0.11500 
0.11500 
0.11500 
0.11500 
0.11500 
0.11500 
0.11500 
0.11500 
0.11500 
0.11500 
0.11500 
0.11500 
0.11500 
0.11500 
0.11500 
0.11500 
0.11500 
0.11500 
0.11500 
0.11500 
0.11500 
0.11500 
0.11500 
0.11500 
0.11500 
0.11500 
0.11500 
0.11500 
0.11500 
0.11500 
0.11500 
0.11500 
0.11500 
0.11500 
0.11500 
0.11500 
0.11500 
0.11500 
0.11500 
0.11500 
0.11500 
0.11500 
0.11500 
0.11500 
0.11500 
0.11500 
0.11500 
0.11500 
0.11500 
0.11500 
0.11500 
0.11500 
0.11500 
0.11500 
0.11500 
0.11500 
0.11500 
0.11500 
0.11500 
0.11500 
0.11500 
0.11500 
0.11500 
0.11500 
0.11500 
0.11500 
0.11500 
0.11500 
0.11500 
0.11500 
0.11500 
0.11500 
0.11500 
0.11500 
0.11500 
0.11500 
0.11500 
0.11500 
0.11500 
0.11500 
0.11500 
0.11500 
0.11500 
0.11500 
0.11500 
0.11500 
0.11500 
0.11500 
0.11500 
0.11500 
0.11500 
0.11500 
0.11500 
0.11500 
0.11500 
0.11500 
0.11500 
0.11500 
0.11500 
0.11500 
0.11500 
0.11500 
0.11500 
0.11500 
0.11567 
0.11662 
0.11757 
0.11852 
0.11947 
0.12042 
0.12137 
0.12233 
0.12328 
0.12423 
0.12518 
0.12613 
0.12708 
0.12804 
0.12899 
0.12994 
0.13089 
0.13184 
0.13279 
0.13374 
0.13470 
0.13565 
0.13660 
0.13755 
0.13850 
0.13945 
0.14040 
0.14136 
0.14231 
0.14326 
0.14421 
0.14516 
0.14611 
0.14706 
0.14802 
0.14897 
0.14992 
0.15087 
0.15182 
0.15277 
0.15373 
0.15468 
0.15563 
0.15658 
0.15753 
0.15848 
0.15943 
0.16039 
0.16134 
0.16229 
0.16324 
0.16419 
0.16514 
0.16609 
0.16705 
0.16800 
0.16895 
0.16990 
0.17085 
0.17180 
0.17275 
0.17371 
0.17466 
0.17561 
0.17656 
0.17751 
0.17846 
0.17941 
0.18037 
0.18132 
0.18227 
0.18322 
0.18417 
0.18512 
0.18608 
0.18703 
0.18798 
0.18893 
0.18988 
0.19083 
0.19178 
0.19274 
0.19369 
0.19464 
0.19559 
0.19654 
0.19749 
0.19844 
0.19940 
0.20035 
0.20130 
0.20225 
0.20320 
0.20415 
0.20510 
0.20606 
0.20701 
0.20796 
0.20891 
0.20986 
0.21081 
0.21176 
0.21272 
0.21367 
0.21462 
0.21500 
0.21500 
0.21500 
0.21500 
0.21500 
0.21500 
0.21500 
0.21500 
0.21500 
0.21500 
0.21500 
0.21500 
0.21500 
0.21500 
0.21500 
0.21500 
0.21500 
0.21500 
0.21500 
0.21500 
0.21500 
0.21500 
0.21500 
0.21500 
0.21500 
0.21500 
0.21500 
0.21500 
0.21500 
0.21500 
0.21500 
0.21500 
0.21500 
0.21500 
0.21500 
0.21500 
0.21500 
0.21500 
0.21500 
0.21500 
0.21500 
0.21500 
0.21500 
0.21500 
0.21500 
0.21500 
0.21500 
0.21500 
0.21500 
0.21500 
0.21500 
0.21500 
0.21500 
0.21500 
0.21500 
0.21500 
0.21500 
0.21500 
0.21500 
0.21500 
0.21500 
0.21500 
0.21500 
0.21500 
0.21500 
0.21500 
0.21500 
0.21500 
0.21500 
0.21500 
0.21500 
0.21500 
0.21500 
0.21500 
0.21500 
0.21500 
0.21500 
0.21500 
0.21500 
0.21500 
0.21500 
0.21500 
0.21500 
0.21500 
0.21500 
0.21500 
0.21500 
0.21500 
0.21500 
0.21500 
0.21500 
0.21500 
0.21500 
0.21500 
0.21500 
0.21500 
0.21500 
0.21500 
0.21500 
0.21500 
0.21500 
0.21500 
0.21500 
0.21500 
0.21500 
0.21500 
0.21500 
0.21500 
0.21500 
0.21500 
0.21500 
0.21500 
0.21500 
0.21500 
0.21500 
0.21500 
0.21500 
0.21500 
0.21500 
0.21500 
0.21500 
0.21500 
0.21500 
0.21500 
0.21500 
0.21500 
0.21500 
0.21500 
0.21500 
0.21500 
0.21500 
0.21500 
0.21500 
0.21500 
0.21500 
0.21500 
0.21500 
0.21500 
0.21500 
0.21500 
0.21500 
0.21500 
0.21500 
0.21500 
0.21500 
0.21500 
0.21500 
0.21500 
0.21500 
0.21500 
0.21500 
0.21500 
0.21500 
0.21500 
0.21500 
0.21500 
0.21500 
0.21500 
0.21500 
0.21500 
0.21500 
0.21500 
0.21500 
0.21500 
0.21500 
0.21500 
0.21500 
0.21500 
0.21500 
0.21500 
0.21500 
0.21500 
0.21500 
0.21500 
0.21500 
0.21500 
0.21500 
0.21500 
0.21500 
0.21500 
0.21500 
0.21500 
0.21500 
0.21500 
0.21500 
0.21500 
0.21500 
0.21500 
0.21500 
0.21500 
0.21500 
0.21500 
0.21500 
0.21500 
0.21500 
0.21500 
0.21500 
0.21500 
0.21500 
0.21500 
0.21500 
0.21500 
0.21500 
0.21500 
0.21500 
0.21500 
0.21500 
0.21500 
0.21500 
0.21500 
0.21500 
0.21500 
0.21500 
0.21500 
0.21500 
0.21500 
0.21500 
0.21500 
0.21500 
0.21500 
0.21500 
0.21500 
0.21500 
0.21500 
0.21500 
0.21500 
0.21500 
0.21500 
0.21500 
0.21500 
0.21500 
0.21500 
0.21500 
0.21500 
0.21500 
0.21500 
0.21500 
0.21500 
0.21500 
0.21500 
0.21500 
0.21500 
0.21500 
0.21500 
0.21500 
0.21500 
0.21500 
0.21500 
0.21500 
0.21500 
0.21500 
0.21500 
0.21500 
0.21500 
0.21500 
0.21500 
0.21500 
0.21500 
0.21500 
0.21500 
0.21500 
0.21500 
0.21500 
0.21500 
0.21500 
0.21500 
0.21500 
0.21500 
0.21500 
0.21500 
0.21500 
0.21500 
0.21500 
0.21500 
0.21500 
0.21500 
0.21500 
0.21500 
0.21500 
0.21500 
0.21500 
0.21500 
0.21500 
0.21500 
0.21500 
0.21500 
0.21500 
0.21500 
0.21500 
0.21500 
0.21500 
0.21500 
0.21500 
0.21500 
0.21500 
0.21500 
0.21500 
0.21500 
0.21500 
0.21500 
0.21500 
0.21500 
0.21500 
0.21500 
0.21500 
0.21500 
0.21500 
0.21500 
0.21500 
0.21500 
0.21500 
0.21500 
0.21500 
0.21500 
0.21500 
0.21500 
0.21500 
0.21500 
0.21500 
0.21500 
0.21500 
0.21500 
0.21500 
0.21500 
0.21500 
0.21500 
0.21500 
0.21500 
0.21500 
0.21500 
0.21500 
0.21500 
0.21500 
0.21500 
0.21500 
0.21500 
0.21500 
0.21500 
0.21500 
0.21500 
0.21500 
0.21500 
0.21500 
0.21500 
0.21500 
0.21500 
0.21500 
0.21500 
0.21500 
0.21500 
0.21500 
0.21500 
0.21500 
0.21500 
0.21500 
0.21500 
0.21500 
0.21500 
0.21500 
0.21500 
0.21500 
0.21500 
0.21500 
0.21500 
0.21500 
0.21500 
0.21500 
0.21500 
0.21500 
0.21500 
0.21500 
0.21500 
0.21500 
0.21500 
0.21500 
0.21500 
0.21500 
0.21500 
0.21500 
0.21500 
0.21500 
0.21500 
