         0.100000000000000E+01
         0.999819366158174E+00
         0.999673478133768E+00
         0.999553679559423E+00
         0.999459879981158E+00
         0.999395451425547E+00
         0.999329928161009E+00
         0.999258647974351E+00
         0.999182287322758E+00
         0.999101881385126E+00
         0.999018744580590E+00
         0.998934370561693E+00
         0.998850231574723E+00
         0.998767638747236E+00
         0.998687610569914E+00
         0.998610906283194E+00
         0.998538043472123E+00
         0.998469377608990E+00
         0.998405128379271E+00
         0.998345450662489E+00
         0.998290452437203E+00
         0.998240220676705E+00
         0.998194847780542E+00
         0.998154428720923E+00
         0.998119085754058E+00
         0.998088966886893E+00
         0.998064259968656E+00
         0.998045192157054E+00
         0.998032045688821E+00
         0.998025163653397E+00
         0.998024964560381E+00
         0.998031957820042E+00
         0.998046766627604E+00
         0.998070157998251E+00
         0.998103086214548E+00
         0.998146748082828E+00
         0.998202677482307E+00
         0.998272864819271E+00
         0.998359959408973E+00
         0.998467561173270E+00
         0.998600719520730E+00
         0.998766679655269E+00
         0.998976073543885E+00
         0.999243597364232E+00
         0.999585412037393E+00
         0.100000000000000E+01
         0.700000000000000E+00
         0.699838479957578E+00
         0.699703075255479E+00
         0.699586476184287E+00
         0.699491649078582E+00
         0.699425221223125E+00
         0.699356775568466E+00
         0.699281965727246E+00
         0.699201831487427E+00
         0.699117952360949E+00
         0.699032113825659E+00
         0.698946070112479E+00
         0.698861249546685E+00
         0.698778728868037E+00
         0.698699255550252E+00
         0.698623363675981E+00
         0.698551412922001E+00
         0.698483660019561E+00
         0.698420269421262E+00
         0.698361369028071E+00
         0.698307057122002E+00
         0.698257420700726E+00
         0.698212557043778E+00
         0.698172568173110E+00
         0.698137583733417E+00
         0.698107758641117E+00
         0.698083286607108E+00
         0.698064399407117E+00
         0.698051382406569E+00
         0.698044580213887E+00
         0.698044411010755E+00
         0.698051381709670E+00
         0.698066110284001E+00
         0.698089354943230E+00
         0.698122056187340E+00
         0.698165389874659E+00
         0.698220858101068E+00
         0.698290402741630E+00
         0.698376597974151E+00
         0.698482924771833E+00
         0.698614247652317E+00
         0.698777521487045E+00
         0.698982989393957E+00
         0.699245968658543E+00
         0.699585416237846E+00
         0.700000000000000E+00
         0.450000000000000E+00
         0.449880448865043E+00
         0.449772559647325E+00
         0.449665732273599E+00
         0.449567680549838E+00
         0.449493645591636E+00
         0.449415376926557E+00
         0.449328712379354E+00
         0.449237014260905E+00
         0.449143903970414E+00
         0.449052226457560E+00
         0.448963475672877E+00
         0.448878242079871E+00
         0.448796768126033E+00
         0.448719152952580E+00
         0.448645483048249E+00
         0.448575833800464E+00
         0.448510294797210E+00
         0.448448942472449E+00
         0.448391865911059E+00
         0.448339154153390E+00
         0.448290901254014E+00
         0.448247219297100E+00
         0.448208228251802E+00
         0.448174075523667E+00
         0.448144932207053E+00
         0.448121005551149E+00
         0.448102537908738E+00
         0.448089821754740E+00
         0.448083205089381E+00
         0.448083105231800E+00
         0.448090023237908E+00
         0.448104564958549E+00
         0.448127468245740E+00
         0.448159641828270E+00
         0.448202213390328E+00
         0.448256612123451E+00
         0.448324668859744E+00
         0.448408785790816E+00
         0.448512174330749E+00
         0.448639263292191E+00
         0.448796363062406E+00
         0.448992676678568E+00
         0.449243358840937E+00
         0.449576038573022E+00
         0.450000000000000E+00
         0.250000000000000E+00
         0.249928501295607E+00
         0.249859923824807E+00
         0.249778678188703E+00
         0.249675131387738E+00
         0.249585602530129E+00
         0.249481965411672E+00
         0.249369614636828E+00
         0.249258770756945E+00
         0.249155592903464E+00
         0.249060293958032E+00
         0.248971522596791E+00
         0.248888158541085E+00
         0.248809466550527E+00
         0.248734987076606E+00
         0.248664485121591E+00
         0.248597855639827E+00
         0.248535093301397E+00
         0.248476233347308E+00
         0.248421355373826E+00
         0.248370557642499E+00
         0.248323953196039E+00
         0.248281676939607E+00
         0.248243872509535E+00
         0.248210709273320E+00
         0.248182377690938E+00
         0.248159100929527E+00
         0.248141133634687E+00
         0.248128776444157E+00
         0.248122381137446E+00
         0.248122363811105E+00
         0.248129218432004E+00
         0.248143536405812E+00
         0.248166031490217E+00
         0.248197574974645E+00
         0.248239238026402E+00
         0.248292364558453E+00
         0.248358656289138E+00
         0.248440315399378E+00
         0.248540240719621E+00
         0.248662360897493E+00
         0.248812141458862E+00
         0.248997829130283E+00
         0.249231321992186E+00
         0.249548514682761E+00
         0.250000000000000E+00
         0.100000000000000E+00
         0.999705619016340E-01
         0.999414420445218E-01
         0.999037933229189E-01
         0.998361739177912E-01
         0.996901763921414E-01
         0.995287428640029E-01
         0.993755390455831E-01
         0.992514701142962E-01
         0.991471993717469E-01
         0.990542988646007E-01
         0.989691127247488E-01
         0.988896372245850E-01
         0.988147748647526E-01
         0.987439044240382E-01
         0.986767173938063E-01
         0.986130797303263E-01
         0.985529812135329E-01
         0.984964675082150E-01
         0.984436369022073E-01
         0.983946111419657E-01
         0.983495285585388E-01
         0.983085488526206E-01
         0.982718390707267E-01
         0.982395893108855E-01
         0.982120078454130E-01
         0.981893322590981E-01
         0.981718282128078E-01
         0.981598035640906E-01
         0.981536133147159E-01
         0.981536722293925E-01
         0.981604676028796E-01
         0.981745774766065E-01
         0.981966934760528E-01
         0.982276526918280E-01
         0.982684748179491E-01
         0.983204267597084E-01
         0.983850929355920E-01
         0.984644992597635E-01
         0.985612528435567E-01
         0.986788695010903E-01
         0.988219477749242E-01
         0.989978130308524E-01
         0.992161274137204E-01
         0.995018474434554E-01
         0.100000000000000E+00
         0.000000000000000E+00
         0.000000000000000E+00
         0.000000000000000E+00
         0.000000000000000E+00
         0.000000000000000E+00
         0.000000000000000E+00
        -0.171812603597176E-03
        -0.488095446479809E-03
        -0.657525963062439E-03
        -0.772159636233383E-03
        -0.869862887621560E-03
        -0.957199297345206E-03
        -0.103772459201441E-02
        -0.111320928510589E-02
        -0.118461132338921E-02
        -0.125245733692968E-02
        -0.131699277399385E-02
        -0.137830600318274E-02
        -0.143637201192914E-02
        -0.149111498743283E-02
        -0.154241010694380E-02
        -0.159011126593201E-02
        -0.163405776049774E-02
        -0.167406975641996E-02
        -0.170996211619522E-02
        -0.174152916236864E-02
        -0.176854945598171E-02
        -0.179077486690716E-02
        -0.180793174188692E-02
        -0.181970704407022E-02
        -0.182574354252332E-02
        -0.182562760377167E-02
        -0.181887700542003E-02
        -0.180492371911545E-02
        -0.178309258457816E-02
        -0.175257188198211E-02
        -0.171237977864121E-02
        -0.166130650946461E-02
        -0.159785131099529E-02
        -0.152012587635661E-02
        -0.142569798274875E-02
        -0.131150263809808E-02
        -0.117297679854163E-02
        -0.100587976259990E-02
        -0.793476238124785E-03
        -0.552539638909263E-03
         0.000000000000000E+00
        -0.266180701628862E-03
        -0.345268315759401E-03
        -0.329920218218649E-03
        -0.100566040041835E+00
        -0.100627432431998E+00
        -0.100717138411473E+00
        -0.100811051441671E+00
        -0.100895865003111E+00
        -0.100974695804734E+00
        -0.101048886564174E+00
        -0.101119368540368E+00
        -0.101186657477973E+00
        -0.101251036320109E+00
        -0.101312605291112E+00
        -0.101371359855550E+00
        -0.101427211729621E+00
        -0.101480037989686E+00
        -0.101529676967266E+00
        -0.101575951860052E+00
        -0.101618675638987E+00
        -0.101657645825493E+00
        -0.101692657522561E+00
        -0.101723488339417E+00
        -0.101749902869494E+00
        -0.101771641881765E+00
        -0.101788423363561E+00
        -0.101799928918469E+00
        -0.101805799095416E+00
        -0.101805621619404E+00
        -0.101798919827556E+00
        -0.101785136513528E+00
        -0.101763614220822E+00
        -0.101733568329301E+00
        -0.101694057574919E+00
        -0.101643932012981E+00
        -0.101581782994696E+00
        -0.101505851977066E+00
        -0.101413953948685E+00
        -0.101303229698952E+00
        -0.101170280358108E+00
        -0.101009377267342E+00
        -0.100816843400060E+00
        -0.100565992428029E+00
        -0.100242102993097E+00
        -0.200723906559826E+00
        -0.200741523884248E+00
        -0.200793128365595E+00
        -0.200859068198114E+00
        -0.200928497776467E+00
        -0.200996992722513E+00
        -0.201063723955040E+00
        -0.201128461707772E+00
        -0.201191135450033E+00
        -0.201251694022693E+00
        -0.201310038924894E+00
        -0.201366039524619E+00
        -0.201419523593436E+00
        -0.201470308116310E+00
        -0.201518186500017E+00
        -0.201562946219100E+00
        -0.201604370792933E+00
        -0.201642233145356E+00
        -0.201676307356819E+00
        -0.201706353497011E+00
        -0.201732121631339E+00
        -0.201753341060026E+00
        -0.201769721188338E+00
        -0.201780938184828E+00
        -0.201786630454985E+00
        -0.201786387339529E+00
        -0.201779738208782E+00
        -0.201766137428323E+00
        -0.201744946330296E+00
        -0.201715408977477E+00
        -0.201676626631178E+00
        -0.201627512736195E+00
        -0.201566751847885E+00
        -0.201492731828015E+00
        -0.201403475377816E+00
        -0.201296528698028E+00
        -0.201168908529746E+00
        -0.201016542181808E+00
        -0.200836546488487E+00
        -0.200608953007562E+00
        -0.200405336016947E+00
        -0.300822094312561E+00
        -0.300832602745859E+00
        -0.300863509943661E+00
        -0.300909931411474E+00
        -0.300964516893967E+00
        -0.301022451408485E+00
        -0.301081293319596E+00
        -0.301139906955208E+00
        -0.301197660744323E+00
        -0.301254161940742E+00
        -0.301309097425509E+00
        -0.301362196442131E+00
        -0.301413192177970E+00
        -0.301461834040164E+00
        -0.301507865525603E+00
        -0.301551035173100E+00
        -0.301591095036217E+00
        -0.301627792208031E+00
        -0.301660878979925E+00
        -0.301690097413655E+00
        -0.301715182754149E+00
        -0.301735852667510E+00
        -0.301751807906453E+00
        -0.301762719237541E+00
        -0.301768223068521E+00
        -0.301767910641906E+00
        -0.301761317821007E+00
        -0.301747911221568E+00
        -0.301727071924288E+00
        -0.301698073958069E+00
        -0.301660062904452E+00
        -0.301612017573341E+00
        -0.301552719519246E+00
        -0.301480702939172E+00
        -0.301394214127184E+00
        -0.301291171168217E+00
        -0.301169116326140E+00
        -0.301025467907153E+00
        -0.300857709005726E+00
        -0.300661039745088E+00
        -0.300524154633392E+00
        -0.400897008657747E+00
        -0.400903793011349E+00
        -0.400924743018712E+00
        -0.400958369702884E+00
        -0.401001142418712E+00
        -0.401049423378928E+00
        -0.401100607567226E+00
        -0.401153078099907E+00
        -0.401205816737509E+00
        -0.401258149644229E+00
        -0.401309569994692E+00
        -0.401359672365447E+00
        -0.401408095497604E+00
        -0.401454519825179E+00
        -0.401498637474182E+00
        -0.401540156932894E+00
        -0.401578798066821E+00
        -0.401614281733640E+00
        -0.401646338228676E+00
        -0.401674691530503E+00
        -0.401699062058224E+00
        -0.401719155891005E+00
        -0.401734665215806E+00
        -0.401745255541155E+00
        -0.401750561492499E+00
        -0.401750176529116E+00
        -0.401743643450925E+00
        -0.401730441733543E+00
        -0.401709973018726E+00
        -0.401681542360787E+00
        -0.401644340980761E+00
        -0.401597414647034E+00
        -0.401539643742626E+00
        -0.401469709847952E+00
        -0.401386087190507E+00
        -0.401287046028099E+00
        -0.401170732308256E+00
        -0.401035676860690E+00
        -0.400880940381125E+00
        -0.400713779525020E+00
        -0.400616121237221E+00
        -0.500957184333507E+00
        -0.500961999550748E+00
        -0.500977175751317E+00
        -0.501002540393920E+00
        -0.501036441723244E+00
        -0.501076572221832E+00
        -0.501120767426074E+00
        -0.501167371175391E+00
        -0.501215187379069E+00
        -0.501263361854956E+00
        -0.501311240483092E+00
        -0.501358304548907E+00
        -0.501404108041215E+00
        -0.501448266793710E+00
        -0.501490423591242E+00
        -0.501530247904439E+00
        -0.501567428038485E+00
        -0.501601659084240E+00
        -0.501632649722510E+00
        -0.501660106183198E+00
        -0.501683734349906E+00
        -0.501703228978322E+00
        -0.501718273934922E+00
        -0.501728529724954E+00
        -0.501733629476067E+00
        -0.501733169207069E+00
        -0.501726699081258E+00
        -0.501713711972503E+00
        -0.501693630754113E+00
        -0.501665792319947E+00
        -0.501629434451159E+00
        -0.501583670855803E+00
        -0.501527481358838E+00
        -0.501459695190252E+00
        -0.501379011349020E+00
        -0.501284045915694E+00
        -0.501173541030526E+00
        -0.501046964835383E+00
        -0.500905567299079E+00
        -0.500763854749932E+00
        -0.500690647444552E+00
        -0.601007218627166E+00
        -0.601010831129474E+00
        -0.601022368553384E+00
        -0.601042143348504E+00
        -0.601069467494395E+00
        -0.601102968579579E+00
        -0.601141049277927E+00
        -0.601182253582841E+00
        -0.601225385316117E+00
        -0.601269514133204E+00
        -0.601313896321993E+00
        -0.601357930936341E+00
        -0.601401103886238E+00
        -0.601442975462116E+00
        -0.601483144189374E+00
        -0.601521243531120E+00
        -0.601556932148525E+00
        -0.601589880686969E+00
        -0.601619777175935E+00
        -0.601646310837546E+00
        -0.601669173602916E+00
        -0.601688049380931E+00
        -0.601702614118311E+00
        -0.601712523679860E+00
        -0.601717410046713E+00
        -0.601716872165997E+00
        -0.601710467973047E+00
        -0.601697704206778E+00
        -0.601678025501384E+00
        -0.601650801162053E+00
        -0.601615316069682E+00
        -0.601570752209539E+00
        -0.601516188541252E+00
        -0.601450600393741E+00
        -0.601372905543622E+00
        -0.601282057158592E+00
        -0.601177350521867E+00
        -0.601059122253592E+00
        -0.600930748271936E+00
        -0.600810162252283E+00
        -0.600753070666440E+00
        -0.701049754166210E+00
        -0.701052574578585E+00
        -0.701061659450046E+00
        -0.701077494486930E+00
        -0.701099886930768E+00
        -0.701128067533606E+00
        -0.701160927673188E+00
        -0.701197291374060E+00
        -0.701236071113255E+00
        -0.701276345270070E+00
        -0.701317336186624E+00
        -0.701358394886057E+00
        -0.701398959644350E+00
        -0.701438547418944E+00
        -0.701476719881183E+00
        -0.701513079129712E+00
        -0.701547257223044E+00
        -0.701578902455812E+00
        -0.701607683710246E+00
        -0.701633274325023E+00
        -0.701655353140052E+00
        -0.701673593897369E+00
        -0.701687665172907E+00
        -0.701697218656629E+00
        -0.701701885597374E+00
        -0.701701268262831E+00
        -0.701694932749610E+00
        -0.701682400057249E+00
        -0.701663136971167E+00
        -0.701636545545771E+00
        -0.701601957928852E+00
        -0.701558624122683E+00
        -0.701505721019037E+00
        -0.701442366775314E+00
        -0.701367690088981E+00
        -0.701280965582002E+00
        -0.701181990888553E+00
        -0.701071908854358E+00
        -0.700955798921624E+00
        -0.700852528347212E+00
        -0.700806605320944E+00
        -0.801086489341633E+00
        -0.801088756972383E+00
        -0.801096104109311E+00
        -0.801109060976764E+00
        -0.801127690756596E+00
        -0.801151601763235E+00
        -0.801180057231338E+00
        -0.801212154571473E+00
        -0.801246962858795E+00
        -0.801283625351306E+00
        -0.801321375769679E+00
        -0.801359549061011E+00
        -0.801397557037110E+00
        -0.801434887035507E+00
        -0.801471072733477E+00
        -0.801505690687119E+00
        -0.801538350281177E+00
        -0.801568680201412E+00
        -0.801596332158182E+00
        -0.801620965074149E+00
        -0.801642245812612E+00
        -0.801659838815616E+00
        -0.801673405974302E+00
        -0.801682595364351E+00
        -0.801687037974130E+00
        -0.801686339804283E+00
        -0.801680075481129E+00
        -0.801667780590067E+00
        -0.801648944323216E+00
        -0.801623001597985E+00
        -0.801589331641067E+00
        -0.801547251661004E+00
        -0.801496034415566E+00
        -0.801434936199000E+00
        -0.801363286811851E+00
        -0.801280660930425E+00
        -0.801187306886641E+00
        -0.801085081157044E+00
        -0.800980242373433E+00
        -0.800891147859073E+00
        -0.800853306225595E+00
        -0.901118589374813E+00
        -0.901120454045054E+00
        -0.901126520787398E+00
        -0.901137310395080E+00
        -0.901153016058575E+00
        -0.901173479906267E+00
        -0.901198233534370E+00
        -0.901226607965721E+00
        -0.901257837360440E+00
        -0.901291159537802E+00
        -0.901325851428175E+00
        -0.901361258282592E+00
        -0.901396784964537E+00
        -0.901431902925094E+00
        -0.901466127293382E+00
        -0.901499015589263E+00
        -0.901530159061686E+00
        -0.901559170019036E+00
        -0.901585685355492E+00
        -0.901609351333915E+00
        -0.901629824175051E+00
        -0.901646760052725E+00
        -0.901659814981519E+00
        -0.901668634068298E+00
        -0.901672848563717E+00
        -0.901672068629926E+00
        -0.901665877769134E+00
        -0.901653826408935E+00
        -0.901635426274303E+00
        -0.901610145047176E+00
        -0.901577408513839E+00
        -0.901536599772756E+00
        -0.901487084594954E+00
        -0.901428251533786E+00
        -0.901359619752463E+00
        -0.901281038890601E+00
        -0.901193155064405E+00
        -0.901098417357045E+00
        -0.901003777369213E+00
        -0.900926341284866E+00
        -0.900894561764513E+00
        -0.100114689407368E+01
        -0.100114845477416E+01
        -0.100115354811146E+01
        -0.100116266358927E+01
        -0.100117605657307E+01
        -0.100119371283367E+01
        -0.100121535279161E+01
        -0.100124049466022E+01
        -0.100126852560251E+01
        -0.100129878827057E+01
        -0.100133062182521E+01
        -0.100136340130453E+01
        -0.100139654100182E+01
        -0.100142950909876E+01
        -0.100146181145108E+01
        -0.100149299325973E+01
        -0.100152263249804E+01
        -0.100155032864615E+01
        -0.100157570641404E+01
        -0.100159840138580E+01
        -0.100161806065255E+01
        -0.100163433329007E+01
        -0.100164687034913E+01
        -0.100165531468620E+01
        -0.100165929838007E+01
        -0.100165843619456E+01
        -0.100165232083018E+01
        -0.100164051774611E+01
        -0.100162256120371E+01
        -0.100159795135279E+01
        -0.100156615971606E+01
        -0.100152663350873E+01
        -0.100147882797574E+01
        -0.100142225705334E+01
        -0.100135661591276E+01
        -0.100128200194267E+01
        -0.100119940418107E+01
        -0.100111173014613E+01
        -0.100102623175311E+01
        -0.100095845218577E+01
        -0.100093135684540E+01
        -0.110117203184861E+01
        -0.110117335686379E+01
        -0.110117769105365E+01
        -0.110118548509650E+01
        -0.110119701939166E+01
        -0.110121236678730E+01
        -0.110123137872132E+01
        -0.110125371827247E+01
        -0.110127890514764E+01
        -0.110130638496343E+01
        -0.110133556791614E+01
        -0.110136587159373E+01
        -0.110139673232480E+01
        -0.110142762579777E+01
        -0.110145805711924E+01
        -0.110148756569300E+01
        -0.110151572113160E+01
        -0.110154211378269E+01
        -0.110156635897194E+01
        -0.110158808374134E+01
        -0.110160692769939E+01
        -0.110162253410277E+01
        -0.110163455003566E+01
        -0.110164261688212E+01
        -0.110164636814922E+01
        -0.110164542364922E+01
        -0.110163938557807E+01
        -0.110162783455136E+01
        -0.110161032725549E+01
        -0.110158639582917E+01
        -0.110155555643445E+01
        -0.110151731822740E+01
        -0.110147122180725E+01
        -0.110141689880150E+01
        -0.110135420585631E+01
        -0.110128345981333E+01
        -0.110120593656705E+01
        -0.110112486995595E+01
        -0.110104752202643E+01
        -0.110098780630833E+01
        -0.110096441944853E+01
        -0.120119448707004E+01
        -0.120119562518462E+01
        -0.120119935467149E+01
        -0.120120608631214E+01
        -0.120121610509034E+01
        -0.120122953525917E+01
        -0.120124631825429E+01
        -0.120126622700731E+01
        -0.120128889161222E+01
        -0.120131385224263E+01
        -0.120134059173388E+01
        -0.120136857728771E+01
        -0.120139727611599E+01
        -0.120142618001077E+01
        -0.120145480072380E+01
        -0.120148267787480E+01
        -0.120150937745635E+01
        -0.120153448436916E+01
        -0.120155760741715E+01
        -0.120157836732283E+01
        -0.120159639794647E+01
        -0.120161133808196E+01
        -0.120162283190728E+01
        -0.120163052015707E+01
        -0.120163403839181E+01
        -0.120163301192023E+01
        -0.120162705270402E+01
        -0.120161575657826E+01
        -0.120159870243667E+01
        -0.120157545376295E+01
        -0.120154557001929E+01
        -0.120150861978171E+01
        -0.120146422441098E+01
        -0.120141212491094E+01
        -0.120135232413809E+01
        -0.120128532978533E+01
        -0.120121264911128E+01
        -0.120113772268421E+01
        -0.120106762305304E+01
        -0.120101469761523E+01
        -0.120099430613900E+01
        -0.130121464213986E+01
        -0.130121562923752E+01
        -0.130121886841435E+01
        -0.130122473233201E+01
        -0.130123349940914E+01
        -0.130124532267512E+01
        -0.130126020473987E+01
        -0.130127800076061E+01
        -0.130129843054744E+01
        -0.130132111759613E+01
        -0.130134561442387E+01
        -0.130137144053524E+01
        -0.130139809953545E+01
        -0.130142510570529E+01
        -0.130145198351356E+01
        -0.130147827808872E+01
        -0.130150355619240E+01
        -0.130152740081967E+01
        -0.130154941708228E+01
        -0.130156922162523E+01
        -0.130158644433644E+01
        -0.130160072094888E+01
        -0.130161169383591E+01
        -0.130161900393585E+01
        -0.130162228950279E+01
        -0.130162118178571E+01
        -0.130161530275418E+01
        -0.130160426346718E+01
        -0.130158766471079E+01
        -0.130156510052315E+01
        -0.130153617211838E+01
        -0.130150050468585E+01
        -0.130145779538809E+01
        -0.130140788586332E+01
        -0.130135090959023E+01
        -0.130128753688184E+01
        -0.130121945345523E+01
        -0.130115020494436E+01
        -0.130108654681978E+01
        -0.130103938573772E+01
        -0.130102145429004E+01
        -0.140123280498056E+01
        -0.140123366811199E+01
        -0.140123650368849E+01
        -0.140124164917090E+01
        -0.140124937054191E+01
        -0.140125983519797E+01
        -0.140127308673384E+01
        -0.140128904126779E+01
        -0.140130749037595E+01
        -0.140132812902804E+01
        -0.140135057390897E+01
        -0.140137439642490E+01
        -0.140139913935534E+01
        -0.140142434381677E+01
        -0.140144955170522E+01
        -0.140147431811462E+01
        -0.140149821448886E+01
        -0.140152082520891E+01
        -0.140154175440911E+01
        -0.140156061685814E+01
        -0.140157704024550E+01
        -0.140159065865995E+01
        -0.140160111379117E+01
        -0.140160804764931E+01
        -0.140161110182753E+01
        -0.140160991394915E+01
        -0.140160411620409E+01
        -0.140159333482444E+01
        -0.140157719208607E+01
        -0.140155531166319E+01
        -0.140152733479838E+01
        -0.140149294026121E+01
        -0.140145189579286E+01
        -0.140140413468698E+01
        -0.140134990548999E+01
        -0.140129001389195E+01
        -0.140122627544199E+01
        -0.140116225865365E+01
        -0.140110432805251E+01
        -0.140106209797585E+01
        -0.140104621538779E+01
        -0.150124922767548E+01
        -0.150124998766504E+01
        -0.150125248668854E+01
        -0.150125703025604E+01
        -0.150126386907623E+01
        -0.150127317573863E+01
        -0.150128502068492E+01
        -0.150129936484527E+01
        -0.150131605658067E+01
        -0.150133485106613E+01
        -0.150135542246703E+01
        -0.150137739168072E+01
        -0.150140034135693E+01
        -0.150142384204494E+01
        -0.150144745648709E+01
        -0.150147075332836E+01
        -0.150149331205969E+01
        -0.150151472141404E+01
        -0.150153458708284E+01
        -0.150155252406723E+01
        -0.150156815959124E+01
        -0.150158112750211E+01
        -0.150159106992543E+01
        -0.150159763081169E+01
        -0.150160045573416E+01
        -0.150159918910945E+01
        -0.150159347352955E+01
        -0.150158295029722E+01
        -0.150156726269784E+01
        -0.150154606301453E+01
        -0.150151903065311E+01
        -0.150148589476144E+01
        -0.150144648827203E+01
        -0.150140082709414E+01
        -0.150134925962731E+01
        -0.150129270122098E+01
        -0.150123305403725E+01
        -0.150117384588829E+01
        -0.150112101467266E+01
        -0.150108303283123E+01
        -0.150106887713000E+01
        -0.160126411950845E+01
        -0.160126479268039E+01
        -0.160126700789937E+01
        -0.160127104192671E+01
        -0.160127712910913E+01
        -0.160128544142459E+01
        -0.160129606625595E+01
        -0.160130899716876E+01
        -0.160132412709527E+01
        -0.160134126128447E+01
        -0.160136012440768E+01
        -0.160138038326569E+01
        -0.160140165957893E+01
        -0.160142355450730E+01
        -0.160144565390737E+01
        -0.160146754271563E+01
        -0.160148881125817E+01
        -0.160150905521359E+01
        -0.160152788413653E+01
        -0.160154491523506E+01
        -0.160155977692609E+01
        -0.160157210417821E+01
        -0.160158154065172E+01
        -0.160158773309260E+01
        -0.160159033168158E+01
        -0.160158898802723E+01
        -0.160158335527366E+01
        -0.160157308964389E+01
        -0.160155785488479E+01
        -0.160153733077136E+01
        -0.160151123289846E+01
        -0.160147933747665E+01
        -0.160144153717089E+01
        -0.160139792156230E+01
        -0.160134892428471E+01
        -0.160129554657886E+01
        -0.160123973995335E+01
        -0.160118494439845E+01
        -0.160113666155616E+01
        -0.160110236378915E+01
        -0.160108967861574E+01
        -0.170127765633064E+01
        -0.170127825568531E+01
        -0.170128022923302E+01
        -0.170128382797386E+01
        -0.170128926980858E+01
        -0.170129672248725E+01
        -0.170130628339322E+01
        -0.170131796958073E+01
        -0.170133170873766E+01
        -0.170134734738231E+01
        -0.170136465395550E+01
        -0.170138333699500E+01
        -0.170140305549036E+01
        -0.170142344129623E+01
        -0.170144410467362E+01
        -0.170146464881404E+01
        -0.170148467709728E+01
        -0.170150379434707E+01
        -0.170152161602737E+01
        -0.170153776336190E+01
        -0.170155186751658E+01
        -0.170156356588206E+01
        -0.170157250471414E+01
        -0.170157833438332E+01
        -0.170158071028289E+01
        -0.170157929158707E+01
        -0.170157374210958E+01
        -0.170156373279939E+01
        -0.170154894725885E+01
        -0.170152909156641E+01
        -0.170150391545408E+01
        -0.170147323881759E+01
        -0.170143700860793E+01
        -0.170139537936561E+01
        -0.170134885614123E+01
        -0.170129850453938E+01
        -0.170124629416211E+01
        -0.170119554388596E+01
        -0.170115132650519E+01
        -0.170112024284169E+01
        -0.170110882111280E+01
        -0.180128998744482E+01
        -0.180129052348023E+01
        -0.180129228946464E+01
        -0.180129551334834E+01
        -0.180130039706605E+01
        -0.180130710195479E+01
        -0.180131573054283E+01
        -0.180132631651595E+01
        -0.180133881449904E+01
        -0.180135310479206E+01
        -0.180136899338866E+01
        -0.180138622622518E+01
        -0.180140449714473E+01
        -0.180142346797894E+01
        -0.180144277388823E+01
        -0.180146203759812E+01
        -0.180148087722394E+01
        -0.180149890853922E+01
        -0.180151575468680E+01
        -0.180153104252740E+01
        -0.180154440740871E+01
        -0.180155549036345E+01
        -0.180156394125076E+01
        -0.180156941485734E+01
        -0.180157157236407E+01
        -0.180157008085537E+01
        -0.180156461489904E+01
        -0.180155485993554E+01
        -0.180154051876851E+01
        -0.180152132253766E+01
        -0.180149705301208E+01
        -0.180146757038043E+01
        -0.180143287052020E+01
        -0.180139316456247E+01
        -0.180134901611304E+01
        -0.180130153601107E+01
        -0.180125268642480E+01
        -0.180120564300781E+01
        -0.180116506768850E+01
        -0.180113680358538E+01
        -0.180112647589623E+01
        -0.190130124076671E+01
        -0.190130172206507E+01
        -0.190130330842813E+01
        -0.190130620718138E+01
        -0.190131060507540E+01
        -0.190131665578936E+01
        -0.190132446361361E+01
        -0.190133407373123E+01
        -0.190134546151061E+01
        -0.190135853475641E+01
        -0.190137313144364E+01
        -0.190138903065773E+01
        -0.190140595835558E+01
        -0.190142360507265E+01
        -0.190144163074205E+01
        -0.190145967832113E+01
        -0.190147738185552E+01
        -0.190149436949380E+01
        -0.190151027354698E+01
        -0.190152472793448E+01
        -0.190153737347990E+01
        -0.190154785598304E+01
        -0.190155582984888E+01
        -0.190156095502488E+01
        -0.190156289901775E+01
        -0.190156133713376E+01
        -0.190155595474610E+01
        -0.190154645151612E+01
        -0.190153254875559E+01
        -0.190151400138621E+01
        -0.190149062109312E+01
        -0.190146230499355E+01
        -0.190142909268249E+01
        -0.190139124394589E+01
        -0.190134936914435E+01
        -0.190130460765881E+01
        -0.190125889391738E+01
        -0.190121524701191E+01
        -0.190117794205145E+01
        -0.190115216387210E+01
        -0.190114279008719E+01
        -0.200131152676297E+01
        -0.200131196041763E+01
        -0.200131339029495E+01
        -0.200131600524777E+01
        -0.200131997776995E+01
        -0.200132545325649E+01
        -0.200133253542183E+01
        -0.200134127710709E+01
        -0.200135166953515E+01
        -0.200136364280380E+01
        -0.200137706197392E+01
        -0.200139173527475E+01
        -0.200140741792027E+01
        -0.200142382751941E+01
        -0.200144064818493E+01
        -0.200145754332636E+01
        -0.200147416368648E+01
        -0.200149015086166E+01
        -0.200150514754658E+01
        -0.200151879593689E+01
        -0.200153074347854E+01
        -0.200154064175785E+01
        -0.200154815059293E+01
        -0.200155293578153E+01
        -0.200155467165194E+01
        -0.200155304200797E+01
        -0.200154774304641E+01
        -0.200153848834668E+01
        -0.200152501700540E+01
        -0.200150710642545E+01
        -0.200148459609068E+01
        -0.200145741674759E+01
        -0.200142564670320E+01
        -0.200138958696287E+01
        -0.200134988396230E+01
        -0.200130769130959E+01
        -0.200126489999136E+01
        -0.200122436589737E+01
        -0.200119000436361E+01
        -0.200116642804954E+01
        -0.200115789108938E+01
        -0.210132094150282E+01
        -0.210132133343443E+01
        -0.210132262616624E+01
        -0.210132499198140E+01
        -0.210132859009693E+01
        -0.210133355740280E+01
        -0.210133999544378E+01
        -0.210134796185361E+01
        -0.210135745985919E+01
        -0.210136843755278E+01
        -0.210138078283831E+01
        -0.210139432941030E+01
        -0.210140885890756E+01
        -0.210142411417820E+01
        -0.210143980258788E+01
        -0.210145560783903E+01
        -0.210147119777293E+01
        -0.210148622818793E+01
        -0.210150035311849E+01
        -0.210151322405222E+01
        -0.210152449605191E+01
        -0.210153382739748E+01
        -0.210154088410514E+01
        -0.210154533845109E+01
        -0.210154687203375E+01
        -0.210154517739202E+01
        -0.210153996153169E+01
        -0.210153095161906E+01
        -0.210151790379053E+01
        -0.210150061662194E+01
        -0.210147895530417E+01
        -0.210145288101052E+01
        -0.210142250600028E+01
        -0.210138816560946E+01
        -0.210135053280870E+01
        -0.210131076336771E+01
        -0.210127069308563E+01
        -0.210123301299739E+01
        -0.210120130668402E+01
        -0.210117968884504E+01
        -0.210117189001841E+01
        -0.220132956905559E+01
        -0.220132992424996E+01
        -0.220133109614418E+01
        -0.220133324213219E+01
        -0.220133650913189E+01
        -0.220134102557080E+01
        -0.220134688976200E+01
        -0.220135416199979E+01
        -0.220136285448763E+01
        -0.220137292978255E+01
        -0.220138429498996E+01
        -0.220139680595212E+01
        -0.220141026801641E+01
        -0.220142444734618E+01
        -0.220143907340874E+01
        -0.220145384974810E+01
        -0.220146846140144E+01
        -0.220148257884282E+01
        -0.220149586816271E+01
        -0.220150799096213E+01
        -0.220151861076359E+01
        -0.220152739333196E+01
        -0.220153401157932E+01
        -0.220153814482258E+01
        -0.220153948232827E+01
        -0.220153772556786E+01
        -0.220153259230960E+01
        -0.220152382295078E+01
        -0.220151118990840E+01
        -0.220149451162841E+01
        -0.220147367696177E+01
        -0.220144867442926E+01
        -0.220141964576045E+01
        -0.220138695430717E+01
        -0.220135129116006E+01
        -0.220131380425741E+01
        -0.220127626578861E+01
        -0.220124120389651E+01
        -0.220121189809823E+01
        -0.220119202894799E+01
        -0.220118488439305E+01
        -0.230133748339804E+01
        -0.230133780608756E+01
        -0.230133887100358E+01
        -0.230134082213526E+01
        -0.230134379504574E+01
        -0.230134790991086E+01
        -0.230135326113053E+01
        -0.230135991008097E+01
        -0.230136787556522E+01
        -0.230137713171607E+01
        -0.230138760173649E+01
        -0.230139916066353E+01
        -0.230141163500765E+01
        -0.230142481231633E+01
        -0.230143844286943E+01
        -0.230145224938534E+01
        -0.230146593394831E+01
        -0.230147918194018E+01
        -0.230149167200690E+01
        -0.230150307650160E+01
        -0.230151306810153E+01
        -0.230152132073169E+01
        -0.230152751480816E+01
        -0.230153133718189E+01
        -0.230153248513246E+01
        -0.230153066922045E+01
        -0.230152561789891E+01
        -0.230151708441928E+01
        -0.230150485671278E+01
        -0.230148877180931E+01
        -0.230146874023388E+01
        -0.230144477491968E+01
        -0.230141704288469E+01
        -0.230138592976662E+01
        -0.230135213744515E+01
        -0.230131679790410E+01
        -0.230128161404113E+01
        -0.230124895560913E+01
        -0.230122182463043E+01
        -0.230120352234095E+01
        -0.230119696027543E+01
        -0.240134474994869E+01
        -0.240134504375251E+01
        -0.240134601355338E+01
        -0.240134779124857E+01
        -0.240135050194069E+01
        -0.240135425786866E+01
        -0.240135914911025E+01
        -0.240136523696329E+01
        -0.240137254496721E+01
        -0.240138105647124E+01
        -0.240139070814356E+01
        -0.240140139161273E+01
        -0.240141295220644E+01
        -0.240142519697478E+01
        -0.240143789565074E+01
        -0.240145078930760E+01
        -0.240146359673386E+01
        -0.240147601824753E+01
        -0.240148774535746E+01
        -0.240149846163890E+01
        -0.240150784947782E+01
        -0.240151559152033E+01
        -0.240152137620445E+01
        -0.240152489833808E+01
        -0.240152586350447E+01
        -0.240152399146844E+01
        -0.240151902126035E+01
        -0.240151071859131E+01
        -0.240149888613972E+01
        -0.240148337825958E+01
        -0.240146412523830E+01
        -0.240144116164665E+01
        -0.240141467592311E+01
        -0.240138507084307E+01
        -0.240135305276780E+01
        -0.240131973126046E+01
        -0.240128673646601E+01
        -0.240125628596067E+01
        -0.240123112926659E+01
        -0.240121423542235E+01
        -0.240120819399340E+01
        -0.250135142681472E+01
        -0.250135169484831E+01
        -0.250135257975505E+01
        -0.250135420250345E+01
        -0.250135667857193E+01
        -0.250136011263789E+01
        -0.250136459024281E+01
        -0.250137017176260E+01
        -0.250137688401558E+01
        -0.250138471764408E+01
        -0.250139362055715E+01
        -0.250140349869617E+01
        -0.250141421407081E+01
        -0.250142559143922E+01
        -0.250143741860822E+01
        -0.250144945408651E+01
        -0.250146143287582E+01
        -0.250147307009075E+01
        -0.250148407024332E+01
        -0.250149412844808E+01
        -0.250150293722137E+01
        -0.250151018838127E+01
        -0.250151557881666E+01
        -0.250151881164479E+01
        -0.250151960098840E+01
        -0.250151767589055E+01
        -0.250151278582294E+01
        -0.250150470854770E+01
        -0.250149326072809E+01
        -0.250147831281709E+01
        -0.250145981303791E+01
        -0.250143781499575E+01
        -0.250141252500183E+01
        -0.250138435838816E+01
        -0.250135402064017E+01
        -0.250132259387969E+01
        -0.250129163380891E+01
        -0.250126321312485E+01
        -0.250123985204580E+01
        -0.250122422795679E+01
        -0.250121865354119E+01
        -0.260135756581469E+01
        -0.260135781077638E+01
        -0.260135861964835E+01
        -0.260136010350315E+01
        -0.260136236897076E+01
        -0.260136551357403E+01
        -0.260136961824257E+01
        -0.260137474182718E+01
        -0.260138091328804E+01
        -0.260138812899493E+01
        -0.260139634622320E+01
        -0.260140548324306E+01
        -0.260141541682060E+01
        -0.260142598773712E+01
        -0.260143700051102E+01
        -0.260144823010864E+01
        -0.260145942714492E+01
        -0.260147032125607E+01
        -0.260148062995467E+01
        -0.260149006007540E+01
        -0.260149831456451E+01
        -0.260150509475846E+01
        -0.260151010633948E+01
        -0.260151306101702E+01
        -0.260151368163488E+01
        -0.260151170654784E+01
        -0.260150689550632E+01
        -0.260149903790356E+01
        -0.260148796363514E+01
        -0.260147355806943E+01
        -0.260145578563204E+01
        -0.260143471653827E+01
        -0.260141057174428E+01
        -0.260138377510137E+01
        -0.260135502673055E+01
        -0.260132537753560E+01
        -0.260129630847496E+01
        -0.260126975528113E+01
        -0.260124803019185E+01
        -0.260123355388236E+01
        -0.260122839972954E+01
        -0.270136321332444E+01
        -0.270136343756450E+01
        -0.270136417812351E+01
        -0.270136553709734E+01
        -0.270136761298332E+01
        -0.270137049656879E+01
        -0.270137426419380E+01
        -0.270137897276316E+01
        -0.270138465249533E+01
        -0.270139130421480E+01
        -0.270139889298651E+01
        -0.270140734768895E+01
        -0.270141655812041E+01
        -0.270142637952206E+01
        -0.270143663180445E+01
        -0.270144710538814E+01
        -0.270145756582512E+01
        -0.270146775689166E+01
        -0.270147740897837E+01
        -0.270148624070118E+01
        -0.270149396562470E+01
        -0.270150029485237E+01
        -0.270150494311968E+01
        -0.270150763094363E+01
        -0.270150809001754E+01
        -0.270150606800218E+01
        -0.270150133473907E+01
        -0.270149369082442E+01
        -0.270148297864755E+01
        -0.270146909735559E+01
        -0.270145202594224E+01
        -0.270143184899088E+01
        -0.270140879918908E+01
        -0.270138330538394E+01
        -0.270135605862792E+01
        -0.270132807588758E+01
        -0.270130076414688E+01
        -0.270127593036388E+01
        -0.270125569826621E+01
        -0.270124226199945E+01
        -0.270123748713812E+01
        -0.280136841098221E+01
        -0.280136861655841E+01
        -0.280136929556945E+01
        -0.280137054195467E+01
        -0.280137244673717E+01
        -0.280137509438690E+01
        -0.280137855674491E+01
        -0.280138288848747E+01
        -0.280138812040835E+01
        -0.280139425675374E+01
        -0.280140126905383E+01
        -0.280140909530771E+01
        -0.280141763681029E+01
        -0.280142676182516E+01
        -0.280143630439592E+01
        -0.280144606939290E+01
        -0.280145583657993E+01
        -0.280146536341047E+01
        -0.280147439293170E+01
        -0.280148265549833E+01
        -0.280148987538202E+01
        -0.280149577361168E+01
        -0.280150007415789E+01
        -0.280150250649593E+01
        -0.280150281124579E+01
        -0.280150074533095E+01
        -0.280149608847338E+01
        -0.280148865203847E+01
        -0.280147829018826E+01
        -0.280146491476323E+01
        -0.280144851779359E+01
        -0.280142919617136E+01
        -0.280140719170628E+01
        -0.280138293519743E+01
        -0.280135710562476E+01
        -0.280133068418724E+01
        -0.280130500547174E+01
        -0.280128175588185E+01
        -0.280126288833032E+01
        -0.280125039656077E+01
        -0.280124596491058E+01
        -0.290137319628066E+01
        -0.290137338500340E+01
        -0.290137400842144E+01
        -0.290137515305140E+01
        -0.290137690304633E+01
        -0.290137933696777E+01
        -0.290138252229494E+01
        -0.290138651129797E+01
        -0.290139133482173E+01
        -0.290139699969717E+01
        -0.290140348280867E+01
        -0.290141072999243E+01
        -0.290141865267792E+01
        -0.290142713083878E+01
        -0.290143601146335E+01
        -0.290144511288482E+01
        -0.290145422832629E+01
        -0.290146312839579E+01
        -0.290147156849568E+01
        -0.290147929058857E+01
        -0.290148602965365E+01
        -0.290149151672142E+01
        -0.290149548510680E+01
        -0.290149767333271E+01
        -0.290149783097419E+01
        -0.290149572413841E+01
        -0.290149114219622E+01
        -0.290148390684521E+01
        -0.290147388331955E+01
        -0.290146099512194E+01
        -0.290144524589212E+01
        -0.290142674295144E+01
        -0.290140573491357E+01
        -0.290138265192846E+01
        -0.290135815851837E+01
        -0.290133319902312E+01
        -0.290130903780503E+01
        -0.290128724879110E+01
        -0.290126963010922E+01
        -0.290125799777872E+01
        -0.290125387742291E+01
        -0.300137760306700E+01
        -0.300137777653624E+01
        -0.300137834962658E+01
        -0.300137940209007E+01
        -0.300138101176376E+01
        -0.300138325169516E+01
        -0.300138618516975E+01
        -0.300138986195321E+01
        -0.300139431254329E+01
        -0.300139954567902E+01
        -0.300140554266775E+01
        -0.300141225607718E+01
        -0.300141960626694E+01
        -0.300142748372901E+01
        -0.300143574728479E+01
        -0.300144422777409E+01
        -0.300145273111651E+01
        -0.300146104051048E+01
        -0.300146892334896E+01
        -0.300147613299746E+01
        -0.300148241506583E+01
        -0.300148751058824E+01
        -0.300149116226611E+01
        -0.300149311770213E+01
        -0.300149313540860E+01
        -0.300149099056394E+01
        -0.300148648193737E+01
        -0.300147944112081E+01
        -0.300146974374277E+01
        -0.300145732399327E+01
        -0.300144219579934E+01
        -0.300142447520794E+01
        -0.300140441559356E+01
        -0.300138244426079E+01
        -0.300135920943062E+01
        -0.300133561809982E+01
        -0.300131286700257E+01
        -0.300129242540852E+01
        -0.300127595115172E+01
        -0.300126510226357E+01
        -0.300126126484907E+01
        -0.310138166196838E+01
        -0.310138182160402E+01
        -0.310138234904156E+01
        -0.310138331786026E+01
        -0.310138480008895E+01
        -0.310138686363792E+01
        -0.310138956778642E+01
        -0.310139295975708E+01
        -0.310139706940215E+01
        -0.310140190682321E+01
        -0.310140745697072E+01
        -0.310141367819262E+01
        -0.310142049871618E+01
        -0.310142781847405E+01
        -0.310143550708778E+01
        -0.310144340698715E+01
        -0.310145133602880E+01
        -0.310145908941068E+01
        -0.310146644610336E+01
        -0.310147317060890E+01
        -0.310147901902426E+01
        -0.310148374232329E+01
        -0.310148709257496E+01
        -0.310148882644077E+01
        -0.310148871130951E+01
        -0.310148653128735E+01
        -0.310148209427462E+01
        -0.310147524132067E+01
        -0.310146585779519E+01
        -0.310145388765787E+01
        -0.310143935390455E+01
        -0.310142237977299E+01
        -0.310140322161335E+01
        -0.310138230205534E+01
        -0.310136025164544E+01
        -0.310133794004747E+01
        -0.310131649925190E+01
        -0.310129730135620E+01
        -0.310128187698391E+01
        -0.310127174340324E+01
        -0.310126816364254E+01
        -0.320138540075519E+01
        -0.320138554782236E+01
        -0.320138603377399E+01
        -0.320138692655011E+01
        -0.320138829283683E+01
        -0.320139019576469E+01
        -0.320139269080526E+01
        -0.320139582264434E+01
        -0.320139962026940E+01
        -0.320140409470642E+01
        -0.320140923389632E+01
        -0.320141500114953E+01
        -0.320142133162512E+01
        -0.320142813372504E+01
        -0.320143528691632E+01
        -0.320144264434754E+01
        -0.320145003506603E+01
        -0.320145726566417E+01
        -0.320146412624116E+01
        -0.320147039211963E+01
        -0.320147582968311E+01
        -0.320148019972299E+01
        -0.320148326360176E+01
        -0.320148478697004E+01
        -0.320148454599266E+01
        -0.320148233353149E+01
        -0.320147796633601E+01
        -0.320147129447892E+01
        -0.320146221244391E+01
        -0.320145067310019E+01
        -0.320143670739513E+01
        -0.320142044438393E+01
        -0.320140214184661E+01
        -0.320138221623838E+01
        -0.320136127946287E+01
        -0.320134016425805E+01
        -0.320131994093604E+01
        -0.320130189152860E+01
        -0.320128743125412E+01
        -0.320127795169345E+01
        -0.320127460694839E+01
        -0.330138884465353E+01
        -0.330138898028363E+01
        -0.330138942847716E+01
        -0.330139025201711E+01
        -0.330139151267381E+01
        -0.330139326913563E+01
        -0.330139557327002E+01
        -0.330139846726530E+01
        -0.330140197908771E+01
        -0.330140612033731E+01
        -0.330141088139985E+01
        -0.330141622984557E+01
        -0.330142210694207E+01
        -0.330142842868709E+01
        -0.330143508351448E+01
        -0.330144193446907E+01
        -0.330144882106322E+01
        -0.330145556067409E+01
        -0.330146195405530E+01
        -0.330146778699458E+01
        -0.330147283591371E+01
        -0.330147687124874E+01
        -0.330147966353238E+01
        -0.330148098729060E+01
        -0.330148062732744E+01
        -0.330147838506257E+01
        -0.330147408579996E+01
        -0.330146758820600E+01
        -0.330145879527790E+01
        -0.330144766799136E+01
        -0.330143424422606E+01
        -0.330141865763379E+01
        -0.330140116609939E+01
        -0.330138217869827E+01
        -0.330136228806893E+01
        -0.330134229074529E+01
        -0.330132319852443E+01
        -0.330130621007734E+01
        -0.330129263586893E+01
        -0.330128375502605E+01
        -0.330128062495796E+01
        -0.340139201661491E+01
        -0.340139214182331E+01
        -0.340139255560538E+01
        -0.340139331602396E+01
        -0.340139448032541E+01
        -0.340139610307365E+01
        -0.340139823273627E+01
        -0.340140090906784E+01
        -0.340140415890653E+01
        -0.340140799414808E+01
        -0.340141240716744E+01
        -0.340141736919104E+01
        -0.340142282687130E+01
        -0.340142870301762E+01
        -0.340143489422453E+01
        -0.340144127266053E+01
        -0.340144768760315E+01
        -0.340145396660789E+01
        -0.340145992059233E+01
        -0.340146534542335E+01
        -0.340147002727299E+01
        -0.340147374600543E+01
        -0.340147628115678E+01
        -0.340147741597490E+01
        -0.340147694373336E+01
        -0.340147467418845E+01
        -0.340147044089328E+01
        -0.340146411068394E+01
        -0.340145559449805E+01
        -0.340144486067070E+01
        -0.340143195308872E+01
        -0.340141700892286E+01
        -0.340140028503966E+01
        -0.340138218219047E+01
        -0.340136327341989E+01
        -0.340134432002512E+01
        -0.340132627848573E+01
        -0.340131027040866E+01
        -0.340129751111964E+01
        -0.340128917894160E+01
        -0.340128624521555E+01
        -0.350139493755009E+01
        -0.350139505325111E+01
        -0.350139543563615E+01
        -0.350139613844474E+01
        -0.350139721475929E+01
        -0.350139871531745E+01
        -0.350140068538893E+01
        -0.350140316237576E+01
        -0.350140617192048E+01
        -0.350140972599509E+01
        -0.350141381858357E+01
        -0.350141842405026E+01
        -0.350142349379631E+01
        -0.350142895673981E+01
        -0.350143471689805E+01
        -0.350144065484062E+01
        -0.350144662893958E+01
        -0.350145247633155E+01
        -0.350145801759860E+01
        -0.350146305827813E+01
        -0.350146739397218E+01
        -0.350147081371938E+01
        -0.350147310585439E+01
        -0.350147406215819E+01
        -0.350147348417472E+01
        -0.350147118975502E+01
        -0.350146702038720E+01
        -0.350146085065997E+01
        -0.350145259890561E+01
        -0.350144224012595E+01
        -0.350142982337938E+01
        -0.350141548841142E+01
        -0.350139949013080E+01
        -0.350138222025058E+01
        -0.350136423213968E+01
        -0.350134625301380E+01
        -0.350132918721875E+01
        -0.350131408519035E+01
        -0.350130207579922E+01
        -0.350129424685107E+01
        -0.350129149288456E+01
        -0.360139762653276E+01
        -0.360139773355235E+01
        -0.360139808726424E+01
        -0.360139873744589E+01
        -0.360139973334696E+01
        -0.360140112215836E+01
        -0.360140294614938E+01
        -0.360140524046299E+01
        -0.360140802950957E+01
        -0.360141132516612E+01
        -0.360141512270907E+01
        -0.360141939919558E+01
        -0.360142411021660E+01
        -0.360142919016904E+01
        -0.360143454981877E+01
        -0.360144007746262E+01
        -0.360144563992794E+01
        -0.360145108334888E+01
        -0.360145623746960E+01
        -0.360146091707328E+01
        -0.360146492684598E+01
        -0.360146806471600E+01
        -0.360147012757863E+01
        -0.360147091552820E+01
        -0.360147023815372E+01
        -0.360146792114097E+01
        -0.360146381359191E+01
        -0.360145779743857E+01
        -0.360144979788939E+01
        -0.360143979597287E+01
        -0.360142784516795E+01
        -0.360141408697430E+01
        -0.360139877356933E+01
        -0.360138228711505E+01
        -0.360136516142914E+01
        -0.360134809094136E+01
        -0.360133193099809E+01
        -0.360131766636527E+01
        -0.360130634731021E+01
        -0.360129898023130E+01
        -0.360129639097957E+01
        -0.370140010097749E+01
        -0.370140020006411E+01
        -0.370140052757171E+01
        -0.370140112964544E+01
        -0.370140205200722E+01
        -0.370140333856299E+01
        -0.370140502877317E+01
        -0.370140715562346E+01
        -0.370140974227981E+01
        -0.370141280039253E+01
        -0.370141632626735E+01
        -0.370142029927197E+01
        -0.370142467869590E+01
        -0.370142940385072E+01
        -0.370143439163554E+01
        -0.370143953744769E+01
        -0.370144471596282E+01
        -0.370144978174590E+01
        -0.370145457320269E+01
        -0.370145891392690E+01
        -0.370146261732266E+01
        -0.370146548989730E+01
        -0.370146733684081E+01
        -0.370146796631390E+01
        -0.370146719570247E+01
        -0.370146485825132E+01
        -0.370146081034971E+01
        -0.370145494087227E+01
        -0.370144718141204E+01
        -0.370143751843432E+01
        -0.370142600916707E+01
        -0.370141279615733E+01
        -0.370139812822681E+01
        -0.370138237764917E+01
        -0.370136605898617E+01
        -0.370134983527836E+01
        -0.370133451593196E+01
        -0.370132102516975E+01
        -0.370131034176400E+01
        -0.370130339879754E+01
        -0.370130096056934E+01
        -0.380140237679576E+01
        -0.380140246862966E+01
        -0.380140277217740E+01
        -0.380140333025341E+01
        -0.380140418533327E+01
        -0.380140537828296E+01
        -0.380140694593881E+01
        -0.380140891923620E+01
        -0.380141132010340E+01
        -0.380141415986471E+01
        -0.380141743563688E+01
        -0.380142112876987E+01
        -0.380142520181980E+01
        -0.380142959850755E+01
        -0.380143424130432E+01
        -0.380143903212585E+01
        -0.380144385292160E+01
        -0.380144856613982E+01
        -0.380145301835296E+01
        -0.380145704152421E+01
        -0.380146045739480E+01
        -0.380146308071963E+01
        -0.380146472469349E+01
        -0.380146520527334E+01
        -0.380146434737380E+01
        -0.380146199150959E+01
        -0.380145800102687E+01
        -0.380145227135140E+01
        -0.380144473999540E+01
        -0.380143539831902E+01
        -0.380142430670188E+01
        -0.380141160813576E+01
        -0.380139754759576E+01
        -0.380138248728182E+01
        -0.380136692293534E+01
        -0.380135148767373E+01
        -0.380133694792961E+01
        -0.380132417215494E+01
        -0.380131407407164E+01
        -0.380130752065628E+01
        -0.380130522095501E+01
        -0.390140446853315E+01
        -0.390140455373440E+01
        -0.390140483536860E+01
        -0.390140535319602E+01
        -0.390140614670587E+01
        -0.390140725395348E+01
        -0.390140870932855E+01
        -0.390141054182594E+01
        -0.390141277215785E+01
        -0.390141541124964E+01
        -0.390141845684858E+01
        -0.390142189200497E+01
        -0.390142568216138E+01
        -0.390142977499521E+01
        -0.390143409803798E+01
        -0.390143855918398E+01
        -0.390144304711397E+01
        -0.390144743163249E+01
        -0.390145156699230E+01
        -0.390145529308302E+01
        -0.390145843959136E+01
        -0.390146082917159E+01
        -0.390146228271373E+01
        -0.390146262368088E+01
        -0.390146168423126E+01
        -0.390145931184910E+01
        -0.390145537650465E+01
        -0.390144977979292E+01
        -0.390144246470538E+01
        -0.390143342700034E+01
        -0.390142272968057E+01
        -0.390141051567487E+01
        -0.390139702573955E+01
        -0.390138261194647E+01
        -0.390136775176604E+01
        -0.390135304990240E+01
        -0.390133923267671E+01
        -0.390132711721016E+01
        -0.390131755802724E+01
        -0.390131136244074E+01
        -0.390130918982679E+01
        -0.400140638949044E+01
        -0.400140646862591E+01
        -0.400140673021762E+01
        -0.400140721122589E+01
        -0.400140794839419E+01
        -0.400140897718186E+01
        -0.400141032970188E+01
        -0.400141203311951E+01
        -0.400141410696383E+01
        -0.400141656171001E+01
        -0.400141939558710E+01
        -0.400142259310357E+01
        -0.400142612225360E+01
        -0.400142993426510E+01
        -0.400143396126318E+01
        -0.400143811662022E+01
        -0.400144229523683E+01
        -0.400144637376819E+01
        -0.400145021367169E+01
        -0.400145366232145E+01
        -0.400145655695091E+01
        -0.400145872775274E+01
        -0.400146000298632E+01
        -0.400146021331418E+01
        -0.400145919783856E+01
        -0.400145681070362E+01
        -0.400145292816957E+01
        -0.400144745762882E+01
        -0.400144034713666E+01
        -0.400143159639538E+01
        -0.400142127056608E+01
        -0.400140951209292E+01
        -0.400139655724643E+01
        -0.400138274802817E+01
        -0.400136854427842E+01
        -0.400135452382130E+01
        -0.400134137561733E+01
        -0.400132986958750E+01
        -0.400132080638414E+01
        -0.400131493943150E+01
        -0.400131288340259E+01
        -0.410140815183077E+01
        -0.410140822542014E+01
        -0.410140846868504E+01
        -0.410140891602005E+01
        -0.410140960164592E+01
        -0.410141055862719E+01
        -0.410141181696239E+01
        -0.410141340209792E+01
        -0.410141533242134E+01
        -0.410141761792405E+01
        -0.410142025719490E+01
        -0.410142323599242E+01
        -0.410142652456722E+01
        -0.410143007733323E+01
        -0.410143383058326E+01
        -0.410143770270392E+01
        -0.410144159433409E+01
        -0.410144538849543E+01
        -0.410144895338651E+01
        -0.410145214342764E+01
        -0.410145480299628E+01
        -0.410145676945287E+01
        -0.410145787808728E+01
        -0.410145796644098E+01
        -0.410145688024870E+01
        -0.410145447999748E+01
        -0.410145064790325E+01
        -0.410144529679412E+01
        -0.410143837939721E+01
        -0.410142989894448E+01
        -0.410141992234902E+01
        -0.410140859122640E+01
        -0.410139613718714E+01
        -0.410138289231587E+01
        -0.410136929953613E+01
        -0.410135591133240E+01
        -0.410134338194108E+01
        -0.410133243792670E+01
        -0.410132383092470E+01
        -0.410131826566406E+01
        -0.410131631655053E+01
        -0.420140976667426E+01
        -0.420140983519535E+01
        -0.420141006171113E+01
        -0.420141047826677E+01
        -0.420141111676752E+01
        -0.420141200807170E+01
        -0.420141318021822E+01
        -0.420141465704413E+01
        -0.420141645584370E+01
        -0.420141858610534E+01
        -0.420142104667816E+01
        -0.420142382439192E+01
        -0.420142689149307E+01
        -0.420143020525397E+01
        -0.420143370574614E+01
        -0.420143731594033E+01
        -0.420144094176049E+01
        -0.420144447213198E+01
        -0.420144778154437E+01
        -0.420145073103138E+01
        -0.420145317171021E+01
        -0.420145494773178E+01
        -0.420145590106734E+01
        -0.420145587580560E+01
        -0.420145472399246E+01
        -0.420145231213500E+01
        -0.420144852807151E+01
        -0.420144328971428E+01
        -0.420143655409264E+01
        -0.420142832759094E+01
        -0.420141867852152E+01
        -0.420140774739723E+01
        -0.420139576107590E+01
        -0.420138304195951E+01
        -0.420137001682473E+01
        -0.420135721435157E+01
        -0.420134525657415E+01
        -0.420133483027979E+01
        -0.420132664252362E+01
        -0.420132135402436E+01
        -0.420131950289747E+01
        -0.430141124418236E+01
        -0.430141130807576E+01
        -0.430141151929740E+01
        -0.430141190774336E+01
        -0.430141250319627E+01
        -0.430141333448525E+01
        -0.430141442783713E+01
        -0.430141580558737E+01
        -0.430141748398991E+01
        -0.430141947202263E+01
        -0.430142176871435E+01
        -0.430142436181235E+01
        -0.430142722532843E+01
        -0.430143031909848E+01
        -0.430143358661702E+01
        -0.430143695503997E+01
        -0.430144033514979E+01
        -0.430144362133375E+01
        -0.430144669393603E+01
        -0.430144942017792E+01
        -0.430145165751279E+01
        -0.430145325650024E+01
        -0.430145406543609E+01
        -0.430145393461569E+01
        -0.430145272206703E+01
        -0.430145029999003E+01
        -0.430144656151364E+01
        -0.430144142929292E+01
        -0.430143486431096E+01
        -0.430142687576168E+01
        -0.430141753305268E+01
        -0.430140697538255E+01
        -0.430139542483494E+01
        -0.430138319443175E+01
        -0.430137069561573E+01
        -0.430135843478284E+01
        -0.430134700417390E+01
        -0.430133705413547E+01
        -0.430132925120601E+01
        -0.430132421633458E+01
        -0.430132245492555E+01
        -0.440141259363264E+01
        -0.440141265330580E+01
        -0.440141285057905E+01
        -0.440141321338536E+01
        -0.440141376956462E+01
        -0.440141454608322E+01
        -0.440141556749649E+01
        -0.440141685474364E+01
        -0.440141842309478E+01
        -0.440142028101920E+01
        -0.440142242766078E+01
        -0.440142485155217E+01
        -0.440142752826631E+01
        -0.440143041993668E+01
        -0.440143347315493E+01
        -0.440143661889167E+01
        -0.440143977238633E+01
        -0.440144283306647E+01
        -0.440144568670854E+01
        -0.440144820630369E+01
        -0.440145025524001E+01
        -0.440145169010165E+01
        -0.440145236514651E+01
        -0.440145213652920E+01
        -0.440145086792454E+01
        -0.440144843689519E+01
        -0.440144474153126E+01
        -0.440143970889929E+01
        -0.440143330360759E+01
        -0.440142553734851E+01
        -0.440141648036525E+01
        -0.440140627038644E+01
        -0.440139512476208E+01
        -0.440138334749368E+01
        -0.440137133553505E+01
        -0.440135957449677E+01
        -0.440134862912592E+01
        -0.440133911644251E+01
        -0.440133166620013E+01
        -0.440132686342952E+01
        -0.440132518405798E+01
        -0.450141382348534E+01
        -0.450141387931622E+01
        -0.450141406388954E+01
        -0.450141440334832E+01
        -0.450141492375793E+01
        -0.450141565037867E+01
        -0.450141660622839E+01
        -0.450141781095281E+01
        -0.450141927889704E+01
        -0.450142101803145E+01
        -0.450142302756367E+01
        -0.450142529669802E+01
        -0.450142780238737E+01
        -0.450143050882235E+01
        -0.450143336539272E+01
        -0.450143630653916E+01
        -0.450143925157988E+01
        -0.450144210458031E+01
        -0.450144475634098E+01
        -0.450144708521383E+01
        -0.450144896012379E+01
        -0.450145024329464E+01
        -0.450145079458009E+01
        -0.450145047564150E+01
        -0.450144915546073E+01
        -0.450144671663112E+01
        -0.450144306187740E+01
        -0.450143812235601E+01
        -0.450143186599067E+01
        -0.450142430669013E+01
        -0.450141551531371E+01
        -0.450140562801383E+01
        -0.450139485750126E+01
        -0.450138349916427E+01
        -0.450137193633566E+01
        -0.450136063531261E+01
        -0.450135013554315E+01
        -0.450134102363232E+01
        -0.450133389598538E+01
        -0.450132930522506E+01
        -0.450132770073543E+01
        -0.460141494144261E+01
        -0.460141499378287E+01
        -0.460141516681810E+01
        -0.460141548506295E+01
        -0.460141597296595E+01
        -0.460141665422911E+01
        -0.460141755046055E+01
        -0.460141868011248E+01
        -0.460142005666542E+01
        -0.460142168760662E+01
        -0.460142357216743E+01
        -0.460142570012600E+01
        -0.460142804965383E+01
        -0.460143058678083E+01
        -0.460143326341983E+01
        -0.460143601716052E+01
        -0.460143877104319E+01
        -0.460144143338703E+01
        -0.460144389962219E+01
        -0.460144605306148E+01
        -0.460144776777325E+01
        -0.460144891123662E+01
        -0.460144934853251E+01
        -0.460144894647287E+01
        -0.460144757900364E+01
        -0.460144513341584E+01
        -0.460144151674552E+01
        -0.460143666392696E+01
        -0.460143054590685E+01
        -0.460142317855508E+01
        -0.460141463316359E+01
        -0.460140504424629E+01
        -0.460139462001563E+01
        -0.460138364769304E+01
        -0.460137249787369E+01
        -0.460136161898340E+01
        -0.460135152726639E+01
        -0.460134278164014E+01
        -0.460133594833574E+01
        -0.460133155077923E+01
        -0.460133001448391E+01
        -0.470141595450138E+01
        -0.470141600367933E+01
        -0.470141616626115E+01
        -0.470141646528452E+01
        -0.470141692372924E+01
        -0.470141756387880E+01
        -0.470141840605348E+01
        -0.470141946760910E+01
        -0.470142076122291E+01
        -0.470142229391982E+01
        -0.470142406492428E+01
        -0.470142606450405E+01
        -0.470142827190527E+01
        -0.470143065479916E+01
        -0.470143316736793E+01
        -0.470143575005058E+01
        -0.470143832927250E+01
        -0.470144081723972E+01
        -0.470144311363084E+01
        -0.470144510632899E+01
        -0.470144667415763E+01
        -0.470144768946858E+01
        -0.470144802220026E+01
        -0.470144754395678E+01
        -0.470144613330302E+01
        -0.470144368189457E+01
        -0.470144010075908E+01
        -0.470143532830571E+01
        -0.470142933822793E+01
        -0.470142214812571E+01
        -0.470141382957253E+01
        -0.470140451542013E+01
        -0.470139440956359E+01
        -0.470138379153598E+01
        -0.470137302008794E+01
        -0.470136252718396E+01
        -0.470135280786629E+01
        -0.470134439592539E+01
        -0.470133783035949E+01
        -0.470133360834708E+01
        -0.470133213397559E+01
        -0.480141686900032E+01
        -0.480141691532347E+01
        -0.480141706846800E+01
        -0.480141735013676E+01
        -0.480141778198050E+01
        -0.480141838499650E+01
        -0.480141917833380E+01
        -0.480142017834603E+01
        -0.480142139696894E+01
        -0.480142284078980E+01
        -0.480142450900352E+01
        -0.480142639229480E+01
        -0.480142847085561E+01
        -0.480143071381786E+01
        -0.480143307739853E+01
        -0.480143550460541E+01
        -0.480143792493012E+01
        -0.480144025411452E+01
        -0.480144239571733E+01
        -0.480144424181063E+01
        -0.480144567559030E+01
        -0.480144657390062E+01
        -0.480144681116779E+01
        -0.480144626342833E+01
        -0.480144481351977E+01
        -0.480144235712960E+01
        -0.480143880896119E+01
        -0.480143411060431E+01
        -0.480142823823789E+01
        -0.480142121098295E+01
        -0.480141310057237E+01
        -0.480140403820604E+01
        -0.480139422367681E+01
        -0.480138392933412E+01
        -0.480137350298194E+01
        -0.480136336150088E+01
        -0.480135398064589E+01
        -0.480134587149043E+01
        -0.480133954853484E+01
        -0.480133548542950E+01
        -0.480133406708261E+01
        -0.490141769066143E+01
        -0.490141773441883E+01
        -0.490141787908133E+01
        -0.490141814515091E+01
        -0.490141855308127E+01
        -0.490141912270924E+01
        -0.490141987212414E+01
        -0.490142081676890E+01
        -0.490142196789956E+01
        -0.490142333169362E+01
        -0.490142490730040E+01
        -0.490142668575889E+01
        -0.490142864809103E+01
        -0.490143076472419E+01
        -0.490143299369238E+01
        -0.490143528030882E+01
        -0.490143755682898E+01
        -0.490143974219429E+01
        -0.490144174348728E+01
        -0.490144345659669E+01
        -0.490144476871392E+01
        -0.490144556079852E+01
        -0.490144571139541E+01
        -0.490144510061336E+01
        -0.490144361521582E+01
        -0.490144115459057E+01
        -0.490143763680465E+01
        -0.490143300634238E+01
        -0.490142724162054E+01
        -0.490142036309205E+01
        -0.490141244255268E+01
        -0.490140360959048E+01
        -0.490139406014053E+01
        -0.490138405989430E+01
        -0.490137394660836E+01
        -0.490136412342418E+01
        -0.490135504864363E+01
        -0.490134721289798E+01
        -0.490134110874203E+01
        -0.490133718881669E+01
        -0.490133582092488E+01
        -0.500141842462718E+01
        -0.500141846609158E+01
        -0.500141860317347E+01
        -0.500141885530065E+01
        -0.500141924185501E+01
        -0.500141978163265E+01
        -0.500142049177024E+01
        -0.500142138688872E+01
        -0.500142247762611E+01
        -0.500142376978042E+01
        -0.500142526244492E+01
        -0.500142694695862E+01
        -0.500142880506901E+01
        -0.500143080834699E+01
        -0.500143291644074E+01
        -0.500143507672095E+01
        -0.500143722391939E+01
        -0.500143927985436E+01
        -0.500144115478708E+01
        -0.500144274805939E+01
        -0.500144395048724E+01
        -0.500144464677152E+01
        -0.500144471920823E+01
        -0.500144405161841E+01
        -0.500144253434485E+01
        -0.500144007014543E+01
        -0.500143658014270E+01
        -0.500143201143717E+01
        -0.500142634444828E+01
        -0.500141960078951E+01
        -0.500141185224579E+01
        -0.500140322685916E+01
        -0.500139391697607E+01
        -0.500138418217267E+01
        -0.500137435105580E+01
        -0.500136481434092E+01
        -0.500135601463712E+01
        -0.500134842428731E+01
        -0.500134251629248E+01
        -0.500133872462709E+01
        -0.500133740191283E+01
        -0.510141907549330E+01
        -0.510141911492307E+01
        -0.510141924527832E+01
        -0.510141948503299E+01
        -0.510141985261626E+01
        -0.510142036589796E+01
        -0.510142104116499E+01
        -0.510142189230264E+01
        -0.510142292939203E+01
        -0.510142415788400E+01
        -0.510142557680990E+01
        -0.510142717776179E+01
        -0.510142894311790E+01
        -0.510143084545244E+01
        -0.510143284583795E+01
        -0.510143489346832E+01
        -0.510143692527733E+01
        -0.510143886564975E+01
        -0.510144062769081E+01
        -0.510144211384008E+01
        -0.510144321817287E+01
        -0.510144382876108E+01
        -0.510144383128583E+01
        -0.510144311292121E+01
        -0.510144156724341E+01
        -0.510143910005181E+01
        -0.510143563522021E+01
        -0.510143112219400E+01
        -0.510142554317142E+01
        -0.510141892077102E+01
        -0.510141132671305E+01
        -0.510140288758179E+01
        -0.510139379242519E+01
        -0.510138429525987E+01
        -0.510137471643737E+01
        -0.510136543552978E+01
        -0.510135688114677E+01
        -0.510134950938914E+01
        -0.510134377595465E+01
        -0.510134009834177E+01
        -0.510133881578496E+01
        -0.520141964733767E+01
        -0.520141968497859E+01
        -0.520141980941962E+01
        -0.520142003829546E+01
        -0.520142038919646E+01
        -0.520142087917584E+01
        -0.520142152376995E+01
        -0.520142233621234E+01
        -0.520142332608797E+01
        -0.520142449853429E+01
        -0.520142585251867E+01
        -0.520142737984537E+01
        -0.520142906343694E+01
        -0.520143087674071E+01
        -0.520143278207524E+01
        -0.520143473023530E+01
        -0.520143666009429E+01
        -0.520143849830407E+01
        -0.520144016048871E+01
        -0.520144155183782E+01
        -0.520144256932635E+01
        -0.520144310403061E+01
        -0.520144304465282E+01
        -0.520144228136200E+01
        -0.520144071062271E+01
        -0.520143824094910E+01
        -0.520143479866554E+01
        -0.520143033529758E+01
        -0.520142483460848E+01
        -0.520141832008035E+01
        -0.520141086333245E+01
        -0.520140258959872E+01
        -0.520139368493623E+01
        -0.520138439836828E+01
        -0.520137504288087E+01
        -0.520136598815689E+01
        -0.520135765043963E+01
        -0.520135047153906E+01
        -0.520134489197726E+01
        -0.520134131483488E+01
        -0.520134006764110E+01
        -0.530142014374543E+01
        -0.530142017983234E+01
        -0.530142029913544E+01
        -0.530142051855993E+01
        -0.530142085496651E+01
        -0.530142132469731E+01
        -0.530142194263405E+01
        -0.530142272144034E+01
        -0.530142367026518E+01
        -0.530142479396750E+01
        -0.530142609145187E+01
        -0.530142755469900E+01
        -0.530142916709648E+01
        -0.530143090284322E+01
        -0.530143272533537E+01
        -0.530143458675669E+01
        -0.530143642766830E+01
        -0.530143817669959E+01
        -0.530143975167683E+01
        -0.530144106019899E+01
        -0.530144200178624E+01
        -0.530144247015613E+01
        -0.530144235667016E+01
        -0.530144155413540E+01
        -0.530143996156094E+01
        -0.530143748985083E+01
        -0.530143406748281E+01
        -0.530142964780374E+01
        -0.530142421593708E+01
        -0.530141779609929E+01
        -0.530141045978734E+01
        -0.530140233100867E+01
        -0.530139359315175E+01
        -0.530138449082070E+01
        -0.530137533052032E+01
        -0.530136647327230E+01
        -0.530135832453286E+01
        -0.530135131368951E+01
        -0.530134586810949E+01
        -0.530134237840020E+01
        -0.530134116197128E+01
        -0.540142056783109E+01
        -0.540142060258941E+01
        -0.540142071749980E+01
        -0.540142092884348E+01
        -0.540142125285661E+01
        -0.540142170527216E+01
        -0.540142230041025E+01
        -0.540142305044451E+01
        -0.540142396414747E+01
        -0.540142504613542E+01
        -0.540142629525385E+01
        -0.540142770362846E+01
        -0.540142925503866E+01
        -0.540143092432071E+01
        -0.540143267578839E+01
        -0.540143446281169E+01
        -0.540143622739651E+01
        -0.540143789986889E+01
        -0.540143939994826E+01
        -0.540144063730853E+01
        -0.540144151366547E+01
        -0.540144192501812E+01
        -0.540144176502751E+01
        -0.540144092878332E+01
        -0.540143931749658E+01
        -0.540143684413816E+01
        -0.540143343904522E+01
        -0.540142905713229E+01
        -0.540142368468605E+01
        -0.540141734653872E+01
        -0.540141011405661E+01
        -0.540140211015831E+01
        -0.540139351589797E+01
        -0.540138457204077E+01
        -0.540137557948897E+01
        -0.540136689180738E+01
        -0.540135890519742E+01
        -0.540135203842062E+01
        -0.540134670761906E+01
        -0.540134329277449E+01
        -0.540134210268115E+01
        -0.550142092225737E+01
        -0.550142095590456E+01
        -0.550142106714115E+01
        -0.550142127172625E+01
        -0.550142158537324E+01
        -0.550142202330476E+01
        -0.550142259936989E+01
        -0.550142332533048E+01
        -0.550142420964166E+01
        -0.550142525671350E+01
        -0.550142646533827E+01
        -0.550142782775883E+01
        -0.550142932807806E+01
        -0.550143094166165E+01
        -0.550143263358812E+01
        -0.550143435821863E+01
        -0.550143605876872E+01
        -0.550143766698759E+01
        -0.550143910418536E+01
        -0.550144028178210E+01
        -0.550144110334377E+01
        -0.550144146679426E+01
        -0.550144126773644E+01
        -0.550144040318855E+01
        -0.550143877622223E+01
        -0.550143630155387E+01
        -0.550143291108889E+01
        -0.550142856106048E+01
        -0.550142323872832E+01
        -0.550141696943079E+01
        -0.550140982440602E+01
        -0.550140192563297E+01
        -0.550139345217557E+01
        -0.550138464154478E+01
        -0.550137578991339E+01
        -0.550136724457272E+01
        -0.550135939396118E+01
        -0.550135264794969E+01
        -0.550134741330767E+01
        -0.550134406115747E+01
        -0.550134289311358E+01
        -0.560142120925121E+01
        -0.560142124199809E+01
        -0.560142135025791E+01
        -0.560142154936660E+01
        -0.560142185461361E+01
        -0.560142228080749E+01
        -0.560142284141475E+01
        -0.560142354786231E+01
        -0.560142440834637E+01
        -0.560142542710772E+01
        -0.560142660289299E+01
        -0.560142792803714E+01
        -0.560142938690242E+01
        -0.560143095528096E+01
        -0.560143259886919E+01
        -0.560143427283065E+01
        -0.560143592136192E+01
        -0.560143747736813E+01
        -0.560143886345323E+01
        -0.560143999245937E+01
        -0.560144076946107E+01
        -0.560144109395314E+01
        -0.560144086312446E+01
        -0.560143997556914E+01
        -0.560143833587925E+01
        -0.560143586019701E+01
        -0.560143248170745E+01
        -0.560142815771727E+01
        -0.560142287627461E+01
        -0.560141666312194E+01
        -0.560140958938067E+01
        -0.560140177624874E+01
        -0.560139340115181E+01
        -0.560138469893466E+01
        -0.560137596190845E+01
        -0.560136753225650E+01
        -0.560135979211183E+01
        -0.560135314413924E+01
        -0.560134798752419E+01
        -0.560134468622876E+01
        -0.560134353606712E+01
        -0.570142143061705E+01
        -0.570142146266913E+01
        -0.570142156863162E+01
        -0.570142176351379E+01
        -0.570142206227769E+01
        -0.570142247941198E+01
        -0.570142302808736E+01
        -0.570142371947147E+01
        -0.570142456155960E+01
        -0.570142555846058E+01
        -0.570142670888426E+01
        -0.570142800523496E+01
        -0.570142943207339E+01
        -0.570143096551925E+01
        -0.570143257174475E+01
        -0.570143420653225E+01
        -0.570143581483596E+01
        -0.570143733045481E+01
        -0.570143867699431E+01
        -0.570143976839855E+01
        -0.570144051091210E+01
        -0.570144080524906E+01
        -0.570144054983012E+01
        -0.570143964447372E+01
        -0.570143799495331E+01
        -0.570143551851856E+01
        -0.570143214934753E+01
        -0.570142784557857E+01
        -0.570142259586828E+01
        -0.570141642626726E+01
        -0.570140940779881E+01
        -0.570140166104595E+01
        -0.570139336215413E+01
        -0.570138474389238E+01
        -0.570137609557342E+01
        -0.570136775542330E+01
        -0.570136010069947E+01
        -0.570135352850399E+01
        -0.570134843217576E+01
        -0.570134517016210E+01
        -0.570134403381124E+01
        -0.580142158774755E+01
        -0.580142161930622E+01
        -0.580142172363731E+01
        -0.580142191551804E+01
        -0.580142220967788E+01
        -0.580142262037813E+01
        -0.580142316057913E+01
        -0.580142384126397E+01
        -0.580142467028473E+01
        -0.580142565165582E+01
        -0.580142678406011E+01
        -0.580142805995031E+01
        -0.580142946402714E+01
        -0.580143097264210E+01
        -0.580143255230466E+01
        -0.580143415923644E+01
        -0.580143573892990E+01
        -0.580143722581963E+01
        -0.580143854422394E+01
        -0.580143960887184E+01
        -0.580144032684184E+01
        -0.580144059971766E+01
        -0.580144032679882E+01
        -0.580143940877758E+01
        -0.580143775227054E+01
        -0.580143527531762E+01
        -0.580143191280499E+01
        -0.580142762346320E+01
        -0.580142239638096E+01
        -0.580141625782564E+01
        -0.580140927874663E+01
        -0.580140157928374E+01
        -0.580139333466483E+01
        -0.580138477617523E+01
        -0.580137619098876E+01
        -0.580136791451315E+01
        -0.580136032053866E+01
        -0.580135380221633E+01
        -0.580134874873662E+01
        -0.580134551463662E+01
        -0.580134438809863E+01
        -0.590142168163172E+01
        -0.590142171289551E+01
        -0.590142181625156E+01
        -0.590142200633839E+01
        -0.590142229774644E+01
        -0.590142270460104E+01
        -0.590142323973667E+01
        -0.590142391402599E+01
        -0.590142473523523E+01
        -0.590142570732211E+01
        -0.590142682895304E+01
        -0.590142809260929E+01
        -0.590142948307489E+01
        -0.590143097683958E+01
        -0.590143254061415E+01
        -0.590143413088266E+01
        -0.590143569345938E+01
        -0.590143716315915E+01
        -0.590143846472699E+01
        -0.590143951336193E+01
        -0.590144021664215E+01
        -0.590144047667257E+01
        -0.590144019327964E+01
        -0.590143926767960E+01
        -0.590143760699469E+01
        -0.590143512973861E+01
        -0.590143177122191E+01
        -0.590142749052979E+01
        -0.590142227700917E+01
        -0.590141615705618E+01
        -0.590140920157434E+01
        -0.590140153043594E+01
        -0.590139331831708E+01
        -0.590138479561246E+01
        -0.590137624821369E+01
        -0.590136800984090E+01
        -0.590136045221011E+01
        -0.590135396611070E+01
        -0.590134893825508E+01
        -0.590134572084562E+01
        -0.590134460017467E+01
        -0.600142171286085E+01
        -0.600142174402653E+01
        -0.600142184705819E+01
        -0.600142203654821E+01
        -0.600142232704078E+01
        -0.600142273261594E+01
        -0.600142326606633E+01
        -0.600142393822779E+01
        -0.600142475683801E+01
        -0.600142572583575E+01
        -0.600142684388193E+01
        -0.600142810346723E+01
        -0.600142948940337E+01
        -0.600143097822599E+01
        -0.600143253671285E+01
        -0.600143412143528E+01
        -0.600143567831465E+01
        -0.600143714229236E+01
        -0.600143843825547E+01
        -0.600143948155957E+01
        -0.600144017994925E+01
        -0.600144043570309E+01
        -0.600144014882311E+01
        -0.600143922070015E+01
        -0.600143755862496E+01
        -0.600143508126912E+01
        -0.600143172408455E+01
        -0.600142744627454E+01
        -0.600142223727193E+01
        -0.600141612351553E+01
        -0.600140917589332E+01
        -0.600140151418817E+01
        -0.600139331289204E+01
        -0.600138480210271E+01
        -0.600137626728455E+01
        -0.600136804159574E+01
        -0.600136049606191E+01
        -0.600135402068668E+01
        -0.600134900135828E+01
        -0.600134578950275E+01
        -0.600134467078405E+01
