0.00694 
0.01389 
0.02083 
0.02778 
0.03472 
0.04167 
0.04861 
0.05556 
0.06250 
0.06944 
0.07639 
0.08333 
0.09028 
0.09722 
0.10417 
0.11111 
0.11806 
0.12500 
0.13194 
0.13889 
0.14583 
0.15278 
0.15972 
0.16667 
0.17361 
0.18056 
0.18750 
0.19444 
0.20139 
0.20833 
0.21528 
0.22222 
0.22917 
0.23611 
0.24306 
0.25000 
0.25694 
0.26389 
0.27083 
0.27778 
0.28472 
0.29167 
0.29861 
0.30556 
0.31250 
0.31944 
0.32639 
0.33333 
0.34028 
0.34722 
0.35417 
0.36111 
0.36806 
0.37500 
0.38194 
0.38889 
0.39583 
0.40278 
0.40972 
0.41667 
0.42361 
0.43056 
0.43750 
0.44444 
0.45139 
0.45833 
0.46528 
0.47222 
0.47917 
0.48611 
0.49306 
0.50000 
0.50694 
0.51389 
0.52083 
0.52778 
0.53472 
0.54167 
0.54861 
0.55556 
0.56250 
0.56944 
0.57639 
0.58333 
0.59028 
0.59722 
0.60417 
0.61111 
0.61806 
0.62500 
0.63194 
0.63889 
0.64583 
0.65278 
0.65972 
0.66667 
0.67361 
0.68056 
0.68750 
0.69444 
0.70139 
0.70833 
0.71528 
0.72222 
0.72917 
0.73611 
0.74306 
0.75000 
0.75694 
0.76389 
0.77083 
0.77778 
0.78472 
0.79167 
0.79861 
0.80556 
0.81250 
0.81944 
0.82639 
0.83333 
0.84028 
0.84722 
0.85417 
0.86111 
0.86806 
0.87500 
0.88194 
0.88889 
0.89583 
0.90278 
0.90972 
0.91667 
0.92361 
0.93056 
0.93750 
0.94444 
0.95139 
0.95833 
0.96528 
0.97222 
0.97917 
0.98611 
0.99306 
1.00000 
1.00694 
1.01389 
1.02083 
1.02778 
1.03472 
1.04167 
1.04861 
1.05556 
1.06250 
1.06944 
1.07639 
1.08333 
1.09028 
1.09722 
1.10417 
1.11111 
1.11806 
1.12500 
1.13194 
1.13889 
1.14583 
1.15278 
1.15972 
1.16667 
1.17361 
1.18056 
1.18750 
1.19444 
1.20139 
1.20833 
1.21528 
1.22222 
1.22917 
1.23611 
1.24306 
1.25000 
1.25694 
1.26389 
1.27083 
1.27778 
1.28472 
1.29167 
1.29861 
1.30556 
1.31250 
1.31944 
1.32639 
1.33333 
1.34028 
1.34722 
1.35417 
1.36111 
1.36806 
1.37500 
1.38194 
1.38889 
1.39583 
1.40278 
1.40972 
1.41667 
1.42361 
1.43056 
1.43750 
1.44444 
1.45139 
1.45833 
1.46528 
1.47222 
1.47917 
1.48611 
1.49306 
1.50000 
1.50694 
1.51389 
1.52083 
1.52778 
1.53472 
1.54167 
1.54861 
1.55556 
1.56250 
1.56944 
1.57639 
1.58333 
1.59028 
1.59722 
1.60417 
1.61111 
1.61806 
1.62500 
1.63194 
1.63889 
1.64583 
1.65278 
1.65972 
1.66667 
1.67361 
1.68056 
1.68750 
1.69444 
1.70139 
1.70833 
1.71528 
1.72222 
1.72917 
1.73611 
1.74306 
1.75000 
1.75694 
1.76389 
1.77083 
1.77778 
1.78472 
1.79167 
1.79861 
1.80556 
1.81250 
1.81944 
1.82639 
1.83333 
1.84028 
1.84722 
1.85417 
1.86111 
1.86806 
1.87500 
1.88194 
1.88889 
1.89583 
1.90278 
1.90972 
1.91667 
1.92361 
1.93056 
1.93750 
1.94444 
1.95139 
1.95833 
1.96528 
1.97222 
1.97917 
1.98611 
1.99306 
2.00000 
2.00694 
2.01389 
2.02083 
2.02778 
2.03472 
2.04167 
2.04861 
2.05556 
2.06250 
2.06944 
2.07639 
2.08333 
2.09028 
2.09722 
2.10417 
2.11111 
2.11806 
2.12500 
2.13194 
2.13889 
2.14583 
2.15278 
2.15972 
2.16667 
2.17361 
2.18056 
2.18750 
2.19444 
2.20139 
2.20833 
2.21528 
2.22222 
2.22917 
2.23611 
2.24306 
2.25000 
2.25694 
2.26389 
2.27083 
2.27778 
2.28472 
2.29167 
2.29861 
2.30556 
2.31250 
2.31944 
2.32639 
2.33333 
2.34028 
2.34722 
2.35417 
2.36111 
2.36806 
2.37500 
2.38194 
2.38889 
2.39583 
2.40278 
2.40972 
2.41667 
2.42361 
2.43056 
2.43750 
2.44444 
2.45139 
2.45833 
2.46528 
2.47222 
2.47917 
2.48611 
2.49306 
2.50000 
2.50694 
2.51389 
2.52083 
2.52778 
2.53472 
2.54167 
2.54861 
2.55556 
2.56250 
2.56944 
2.57639 
2.58333 
2.59028 
2.59722 
2.60417 
2.61111 
2.61806 
2.62500 
2.63194 
2.63889 
2.64583 
2.65278 
2.65972 
2.66667 
2.67361 
2.68056 
2.68750 
2.69444 
2.70139 
2.70833 
2.71528 
2.72222 
2.72917 
2.73611 
2.74306 
2.75000 
2.75694 
2.76389 
2.77083 
2.77778 
2.78472 
2.79167 
2.79861 
2.80556 
2.81250 
2.81944 
2.82639 
2.83333 
2.84028 
2.84722 
2.85417 
2.86111 
2.86806 
2.87500 
2.88194 
2.88889 
2.89583 
2.90278 
2.90972 
2.91667 
2.92361 
2.93056 
2.93750 
2.94444 
2.95139 
2.95833 
2.96528 
2.97222 
2.97917 
2.98611 
2.99306 
3.00000 
3.00694 
3.01389 
3.02083 
3.02778 
3.03472 
3.04167 
3.04861 
3.05556 
3.06250 
3.06944 
3.07639 
3.08333 
3.09028 
3.09722 
3.10417 
3.11111 
3.11806 
3.12500 
3.13194 
3.13889 
3.14583 
3.15278 
3.15972 
3.16667 
3.17361 
3.18056 
3.18750 
3.19444 
3.20139 
3.20833 
3.21528 
3.22222 
3.22917 
3.23611 
3.24306 
3.25000 
3.25694 
3.26389 
3.27083 
3.27778 
3.28472 
3.29167 
3.29861 
3.30556 
3.31250 
3.31944 
3.32639 
3.33333 
3.34028 
3.34722 
3.35417 
3.36111 
3.36806 
3.37500 
3.38194 
3.38889 
3.39583 
3.40278 
3.40972 
3.41667 
3.42361 
3.43056 
3.43750 
3.44444 
3.45139 
3.45833 
3.46528 
3.47222 
3.47917 
3.48611 
3.49306 
3.50000 
3.50694 
3.51389 
3.52083 
3.52778 
3.53472 
3.54167 
3.54861 
3.55556 
3.56250 
3.56944 
3.57639 
3.58333 
3.59028 
3.59722 
3.60417 
3.61111 
3.61806 
3.62500 
3.63194 
3.63889 
3.64583 
3.65278 
3.65972 
3.66667 
3.67361 
3.68056 
3.68750 
3.69444 
3.70139 
3.70833 
3.71528 
3.72222 
3.72917 
3.73611 
3.74306 
3.75000 
3.75694 
3.76389 
3.77083 
3.77778 
3.78472 
3.79167 
3.79861 
3.80556 
3.81250 
3.81944 
3.82639 
3.83333 
3.84028 
3.84722 
3.85417 
3.86111 
3.86806 
3.87500 
3.88194 
3.88889 
3.89583 
3.90278 
3.90972 
3.91667 
3.92361 
3.93056 
3.93750 
3.94444 
3.95139 
3.95833 
3.96528 
3.97222 
3.97917 
3.98611 
3.99306 
4.00000 
4.00694 
4.01389 
4.02083 
4.02778 
4.03472 
4.04167 
4.04861 
4.05556 
4.06250 
4.06944 
4.07639 
4.08333 
4.09028 
4.09722 
4.10417 
4.11111 
4.11806 
4.12500 
4.13194 
4.13889 
4.14583 
4.15278 
4.15972 
4.16667 
4.17361 
4.18056 
4.18750 
4.19444 
4.20139 
4.20833 
4.21528 
4.22222 
4.22917 
4.23611 
4.24306 
4.25000 
4.25694 
4.26389 
4.27083 
4.27778 
4.28472 
4.29167 
4.29861 
4.30556 
4.31250 
4.31944 
4.32639 
4.33333 
4.34028 
4.34722 
4.35417 
4.36111 
4.36806 
4.37500 
4.38194 
4.38889 
4.39583 
4.40278 
4.40972 
4.41667 
4.42361 
4.43056 
4.43750 
4.44444 
4.45139 
4.45833 
4.46528 
4.47222 
4.47917 
4.48611 
4.49306 
4.50000 
4.50694 
4.51389 
4.52083 
4.52778 
4.53472 
4.54167 
4.54861 
4.55556 
4.56250 
4.56944 
4.57639 
4.58333 
4.59028 
4.59722 
4.60417 
4.61111 
4.61806 
4.62500 
4.63194 
4.63889 
4.64583 
4.65278 
4.65972 
4.66667 
4.67361 
4.68056 
4.68750 
4.69444 
4.70139 
4.70833 
4.71528 
4.72222 
4.72917 
4.73611 
4.74306 
4.75000 
4.75694 
4.76389 
4.77083 
4.77778 
4.78472 
4.79167 
4.79861 
4.80556 
4.81250 
4.81944 
4.82639 
4.83333 
4.84028 
4.84722 
4.85417 
4.86111 
4.86806 
4.87500 
4.88194 
4.88889 
4.89583 
4.90278 
4.90972 
4.91667 
4.92361 
4.93056 
4.93750 
4.94444 
4.95139 
4.95833 
4.96528 
4.97222 
4.97917 
4.98611 
4.99306 
5.00000 
5.00694 
5.01389 
5.02083 
5.02778 
5.03472 
5.04167 
5.04861 
5.05556 
5.06250 
5.06944 
5.07639 
5.08333 
5.09028 
5.09722 
5.10417 
5.11111 
5.11806 
5.12500 
5.13194 
5.13889 
5.14583 
5.15278 
5.15972 
5.16667 
5.17361 
5.18056 
5.18750 
5.19444 
5.20139 
5.20833 
5.21528 
5.22222 
5.22917 
5.23611 
5.24306 
5.25000 
5.25694 
5.26389 
5.27083 
5.27778 
5.28472 
5.29167 
5.29861 
5.30556 
5.31250 
5.31944 
5.32639 
5.33333 
5.34028 
5.34722 
5.35417 
5.36111 
5.36806 
5.37500 
5.38194 
5.38889 
5.39583 
5.40278 
5.40972 
5.41667 
5.42361 
5.43056 
5.43750 
5.44444 
5.45139 
5.45833 
5.46528 
5.47222 
5.47917 
5.48611 
5.49306 
5.50000 
5.50694 
5.51389 
5.52083 
5.52778 
5.53472 
5.54167 
5.54861 
5.55556 
5.56250 
5.56944 
5.57639 
5.58333 
5.59028 
5.59722 
5.60417 
5.61111 
5.61806 
5.62500 
5.63194 
5.63889 
5.64583 
5.65278 
5.65972 
5.66667 
5.67361 
5.68056 
5.68750 
5.69444 
5.70139 
5.70833 
5.71528 
5.72222 
5.72917 
5.73611 
5.74306 
5.75000 
5.75694 
5.76389 
5.77083 
5.77778 
5.78472 
5.79167 
5.79861 
5.80556 
5.81250 
5.81944 
5.82639 
5.83333 
5.84028 
5.84722 
5.85417 
5.86111 
5.86806 
5.87500 
5.88194 
5.88889 
5.89583 
5.90278 
5.90972 
5.91667 
5.92361 
5.93056 
5.93750 
5.94444 
5.95139 
5.95833 
5.96528 
5.97222 
5.97917 
5.98611 
5.99306 
6.00000 
0.00000 
0.00000 
0.00000 
0.00000 
0.00000 
0.00000 
0.00000 
0.00000 
0.00000 
0.00000 
0.00000 
0.00000 
0.00000 
0.00000 
0.00000 
0.00000 
0.00000 
0.00000 
0.00000 
0.00000 
0.00000 
0.00000 
0.00000 
0.00000 
0.00000 
0.00000 
0.00000 
0.00000 
0.00000 
0.00000 
0.00000 
0.00000 
0.00000 
0.00000 
0.00000 
0.00000 
0.00000 
0.00000 
0.00000 
0.00000 
0.00000 
0.00000 
0.00000 
0.00000 
0.00000 
0.00000 
0.00000 
0.00000 
0.00000 
0.00000 
0.00000 
0.00000 
0.00000 
0.00000 
0.00000 
0.00000 
0.00000 
0.00000 
0.00000 
0.00000 
0.00000 
0.00000 
0.00000 
0.00000 
0.00000 
0.00000 
0.00000 
0.00000 
0.00000 
0.00000 
0.00000 
0.00000 
0.00000 
0.00000 
0.00000 
0.00000 
0.00000 
0.00000 
0.00000 
0.00000 
0.00000 
0.00000 
0.00000 
0.00000 
0.00000 
0.00000 
0.00000 
0.00000 
0.00000 
0.00000 
0.00000 
0.00000 
0.00000 
0.00000 
0.00000 
0.00000 
0.00000 
0.00000 
0.00000 
0.00000 
0.00000 
0.00000 
0.00000 
0.00000 
0.00000 
0.00000 
0.00000 
0.00000 
0.00000 
0.00000 
0.00000 
0.00000 
0.00000 
0.00000 
0.00000 
0.00000 
0.00000 
0.00000 
0.00000 
0.00000 
0.00000 
0.00000 
0.00000 
0.00000 
0.00000 
0.00000 
0.00000 
0.00000 
0.00000 
0.00000 
0.00000 
0.00000 
0.00000 
0.00000 
0.00000 
0.00000 
0.00000 
0.00000 
0.00000 
0.00000 
0.00000 
0.00000 
0.00000 
0.00000 
0.00000 
0.00000 
0.00000 
0.00000 
0.00000 
0.00000 
0.00000 
0.00000 
0.00000 
0.00000 
0.00000 
0.00000 
0.00000 
0.00000 
0.00000 
0.00000 
0.00000 
0.00000 
0.00000 
0.00000 
0.00000 
0.00000 
0.00000 
0.00000 
0.00000 
0.00000 
0.00000 
0.00000 
0.00000 
0.00000 
0.00000 
0.00000 
0.00000 
0.00000 
0.00000 
0.00000 
0.00000 
0.00000 
0.00000 
0.00000 
0.00000 
0.00000 
0.00000 
0.00000 
0.00000 
0.00000 
0.00000 
0.00000 
0.00000 
0.00000 
0.00000 
0.00000 
0.00000 
0.00000 
0.00000 
0.00000 
0.00000 
0.00000 
0.00000 
0.00000 
0.00000 
0.00000 
0.00000 
0.00000 
0.00000 
0.00000 
0.00000 
0.00000 
0.00000 
0.00000 
0.00000 
0.00000 
0.00000 
0.00000 
0.00000 
0.00000 
0.00000 
0.00000 
0.00000 
0.00000 
0.00000 
0.00000 
0.00000 
0.00000 
0.00000 
0.00000 
0.00000 
0.00000 
0.00000 
0.00000 
0.00000 
0.00000 
0.00000 
0.00000 
0.00000 
0.00000 
0.00000 
0.00000 
0.00000 
0.00000 
0.00000 
0.00000 
0.00000 
0.00000 
0.00000 
0.00000 
0.00000 
0.00000 
0.00000 
0.00000 
0.00000 
0.00000 
0.00000 
0.00000 
0.00000 
0.00000 
0.00000 
0.00000 
0.00000 
0.00000 
0.00000 
0.00000 
0.00000 
0.00000 
0.00000 
0.00000 
0.00000 
0.00000 
0.00000 
0.00000 
0.00000 
0.00000 
0.00000 
0.00000 
0.00000 
0.00000 
0.00000 
0.00000 
0.00000 
0.00000 
0.00000 
0.00000 
0.00000 
0.00000 
0.00000 
0.00000 
0.00000 
0.00000 
0.00000 
0.00000 
0.00000 
0.00000 
0.00000 
0.00000 
0.00000 
0.00000 
0.00000 
0.00000 
0.00000 
0.00000 
0.00000 
0.00000 
0.00000 
0.00000 
0.00000 
0.00000 
0.00000 
0.00000 
0.00000 
0.00000 
0.00000 
0.00000 
0.00000 
0.00000 
0.00000 
0.00000 
0.00000 
0.00000 
0.00000 
0.00000 
0.00000 
0.00000 
0.00000 
0.00000 
0.00000 
0.00000 
0.00000 
0.00000 
0.00000 
0.00000 
0.00000 
0.00000 
0.00000 
0.00000 
0.00000 
0.00000 
0.00000 
0.00000 
0.00000 
0.00000 
0.00000 
0.00000 
0.00000 
0.00000 
0.00000 
0.00000 
0.00000 
0.00000 
0.00000 
0.00000 
0.00000 
0.00000 
0.00000 
0.00000 
0.00000 
0.00000 
0.00000 
0.00000 
0.00000 
0.00000 
0.00000 
0.00000 
0.00000 
0.00000 
0.00000 
0.00000 
0.00000 
0.00000 
0.00000 
0.00000 
0.00000 
0.00000 
0.00000 
0.00000 
0.00000 
0.00000 
0.00000 
0.00000 
0.00000 
0.00000 
0.00000 
0.00000 
0.00000 
0.00000 
0.00000 
0.00000 
0.00000 
0.00000 
0.00000 
0.00000 
0.00000 
0.00000 
0.00000 
0.00000 
0.00000 
0.00000 
0.00000 
0.00000 
0.00000 
0.00000 
0.00000 
0.00000 
0.00000 
0.00000 
0.00000 
0.00000 
0.00000 
0.00000 
0.00000 
0.00000 
0.00000 
0.00000 
0.00000 
0.00000 
0.00000 
0.00000 
0.00000 
0.00000 
0.00000 
0.00000 
0.00000 
0.00000 
0.00000 
0.00000 
0.00000 
0.00000 
0.00000 
0.00000 
0.00000 
0.00000 
0.00000 
0.00000 
0.00000 
0.00000 
0.00000 
0.00000 
0.00000 
0.00000 
0.00000 
0.00000 
0.00000 
0.00000 
0.00000 
0.00000 
0.00000 
0.00000 
0.00000 
0.00000 
0.00000 
0.00000 
0.00000 
0.00000 
0.00000 
0.00000 
0.00000 
0.00000 
0.00000 
0.00000 
0.00000 
0.00000 
0.00000 
0.00000 
0.00000 
0.00000 
0.00000 
0.00000 
0.00000 
0.00000 
0.00000 
0.00000 
0.00000 
0.00000 
0.00000 
0.00000 
0.00000 
0.00000 
0.00000 
0.00000 
0.00000 
0.00000 
0.00000 
0.00000 
0.00000 
0.00000 
0.00000 
0.00000 
0.00000 
0.00000 
0.00000 
0.00000 
0.00000 
0.00000 
0.00000 
0.00000 
0.00000 
0.00000 
0.00000 
0.00000 
0.00000 
0.00000 
0.00000 
0.00000 
0.00000 
0.00000 
0.00000 
0.00000 
0.00000 
0.00000 
0.00000 
0.00000 
0.00000 
0.00000 
0.00000 
0.00000 
0.00000 
0.00000 
0.00000 
0.00000 
0.00000 
0.00000 
0.00000 
0.00000 
0.00000 
0.00000 
0.00000 
0.00000 
0.00000 
0.00000 
0.00000 
0.00000 
0.00000 
0.00000 
0.00000 
0.00000 
0.00000 
0.00000 
0.00000 
0.00000 
0.00000 
0.00000 
0.00000 
0.00000 
0.00000 
0.00000 
0.00000 
0.00000 
0.00000 
0.00000 
0.00000 
0.00000 
0.00000 
0.00000 
0.00000 
0.00000 
0.00000 
0.00000 
0.00000 
0.00000 
0.00000 
0.00000 
0.00000 
0.00000 
0.00000 
0.00000 
0.00000 
0.00000 
0.00000 
0.00000 
0.00000 
0.00000 
0.00000 
0.00000 
0.00000 
0.00000 
0.00000 
0.00000 
0.00000 
0.00000 
0.00000 
0.00000 
0.00000 
0.00000 
0.00000 
0.00000 
0.00000 
0.00000 
0.00000 
0.00000 
0.00000 
0.00000 
0.00000 
0.00000 
0.00000 
0.00000 
0.00000 
0.00000 
0.00000 
0.00000 
0.00000 
0.00000 
0.00000 
0.00000 
0.00000 
0.00000 
0.00000 
0.00000 
0.00000 
0.00000 
0.00000 
0.00000 
0.00000 
0.00000 
0.00000 
0.00000 
0.00000 
0.00000 
0.00000 
0.00000 
0.00000 
0.00000 
0.00000 
0.00000 
0.00000 
0.00000 
0.00000 
0.00000 
0.00000 
0.00000 
0.00000 
0.00000 
0.00000 
0.00000 
0.00000 
0.00000 
0.00000 
0.00000 
0.00000 
0.00000 
0.00000 
0.00000 
0.00000 
0.00000 
0.00000 
0.00000 
0.00000 
0.00000 
0.00000 
0.00000 
0.00000 
0.00000 
0.00000 
0.00000 
0.00000 
0.00000 
0.00000 
0.00000 
0.00000 
0.00000 
0.00000 
0.00000 
0.00000 
0.00000 
0.00000 
0.00000 
0.00000 
0.00000 
0.00000 
0.00000 
0.00000 
0.00000 
0.00000 
0.00000 
0.00000 
0.00000 
0.00000 
0.00000 
0.00000 
0.00000 
0.00000 
0.00000 
0.00000 
0.00000 
0.00000 
0.00000 
0.00000 
0.00000 
0.00000 
0.00000 
0.00000 
0.00000 
0.00000 
0.00000 
0.00000 
0.00000 
0.00000 
0.00000 
0.00000 
0.00000 
0.00000 
0.00000 
0.00000 
0.00000 
0.00000 
0.00000 
0.00000 
0.00000 
0.00000 
0.00000 
0.00000 
0.00000 
0.00000 
0.00000 
0.00000 
0.00000 
0.00000 
0.00000 
0.00000 
0.00000 
0.00000 
0.00000 
0.00000 
0.00000 
0.00000 
0.00000 
0.00000 
0.00000 
0.00000 
0.00000 
0.00000 
0.00000 
0.00000 
0.00000 
0.00000 
0.00000 
0.00000 
0.00000 
0.00000 
0.00000 
0.00000 
0.00000 
0.00000 
0.00000 
0.00000 
0.00000 
0.00000 
0.00000 
0.00000 
0.00000 
0.00000 
0.00000 
0.00000 
0.00000 
0.00000 
0.00000 
0.00000 
0.00000 
0.00000 
0.00000 
0.00000 
0.00000 
0.00000 
0.00000 
0.00000 
0.00000 
0.00000 
0.00000 
0.00000 
0.00000 
0.00000 
0.00000 
0.00000 
0.00000 
0.00000 
0.00000 
0.00000 
0.00000 
0.00000 
0.00000 
0.00000 
0.00000 
0.00000 
0.00000 
0.00000 
0.00000 
0.00000 
0.00000 
0.00000 
0.00000 
0.00000 
0.00000 
0.00000 
0.00000 
0.00000 
0.00000 
0.00000 
0.00000 
0.00000 
0.00000 
0.00000 
0.00000 
0.00000 
0.00000 
0.00000 
0.00000 
0.00000 
0.00000 
0.00000 
0.00000 
0.00000 
0.00000 
0.00000 
0.00000 
0.00000 
0.00000 
0.00000 
0.00000 
0.00000 
0.00000 
0.00000 
0.00000 
0.00000 
0.00000 
0.00000 
0.00000 
0.00000 
0.00000 
0.00000 
0.00000 
0.00000 
0.00000 
0.00000 
0.00000 
0.00000 
0.00000 
0.00000 
0.00000 
0.00000 
0.00000 
0.00000 
0.00000 
0.00000 
0.00000 
0.00000 
0.00000 
0.00000 
0.00000 
0.00000 
0.00000 
0.00000 
0.00000 
0.00000 
0.00000 
0.00000 
0.00000 
0.00000 
0.00000 
0.00000 
0.00000 
0.00000 
0.00000 
