         0.000000000000000E+00
         0.000000000000000E+00
         0.000000000000000E+00
         0.000000000000000E+00
         0.000000000000000E+00
         0.000000000000000E+00
         0.000000000000000E+00
         0.000000000000000E+00
         0.000000000000000E+00
         0.000000000000000E+00
         0.000000000000000E+00
         0.000000000000000E+00
         0.000000000000000E+00
         0.000000000000000E+00
         0.000000000000000E+00
         0.000000000000000E+00
         0.000000000000000E+00
         0.000000000000000E+00
         0.000000000000000E+00
         0.000000000000000E+00
         0.000000000000000E+00
         0.000000000000000E+00
         0.000000000000000E+00
         0.000000000000000E+00
         0.000000000000000E+00
         0.000000000000000E+00
         0.000000000000000E+00
         0.000000000000000E+00
         0.000000000000000E+00
         0.000000000000000E+00
         0.000000000000000E+00
         0.000000000000000E+00
         0.000000000000000E+00
         0.000000000000000E+00
         0.000000000000000E+00
         0.000000000000000E+00
         0.000000000000000E+00
         0.000000000000000E+00
         0.000000000000000E+00
         0.000000000000000E+00
         0.000000000000000E+00
         0.000000000000000E+00
        -5.000000000000000E-01
        -5.000000000000000E-01
        -5.000000000000000E-01
        -5.000000000000000E-01
        -5.000000000000000E-01
        -5.000000000000000E-01
        -5.000000000000000E-01
        -5.000000000000000E-01
        -5.000000000000000E-01
        -5.000000000000000E-01
        -5.000000000000000E-01
        -5.000000000000000E-01
        -5.000000000000000E-01
        -5.000000000000000E-01
        -5.000000000000000E-01
        -5.000000000000000E-01
        -5.000000000000000E-01
        -5.000000000000000E-01
        -5.000000000000000E-01
        -5.000000000000000E-01
        -5.000000000000000E-01
        -5.000000000000000E-01
        -5.000000000000000E-01
        -5.000000000000000E-01
        -5.000000000000000E-01
        -5.000000000000000E-01
        -5.000000000000000E-01
        -5.000000000000000E-01
        -5.000000000000000E-01
        -5.000000000000000E-01
        -5.000000000000000E-01
        -5.000000000000000E-01
        -5.000000000000000E-01
        -5.000000000000000E-01
        -5.000000000000000E-01
        -5.000000000000000E-01
        -5.000000000000000E-01
        -5.000000000000000E-01
        -5.000000000000000E-01
        -5.000000000000000E-01
        -5.000000000000000E-01
        -5.000000000000000E-01
        -1.000000000000000E+00
        -1.000000000000000E+00
        -1.000000000000000E+00
        -1.000000000000000E+00
        -1.000000000000000E+00
        -1.000000000000000E+00
        -1.000000000000000E+00
        -1.000000000000000E+00
        -1.000000000000000E+00
        -1.000000000000000E+00
        -1.000000000000000E+00
        -1.000000000000000E+00
        -1.000000000000000E+00
        -1.000000000000000E+00
        -1.000000000000000E+00
        -1.000000000000000E+00
        -1.000000000000000E+00
        -1.000000000000000E+00
        -1.000000000000000E+00
        -1.000000000000000E+00
        -1.000000000000000E+00
        -1.000000000000000E+00
        -1.000000000000000E+00
        -1.000000000000000E+00
        -1.000000000000000E+00
        -1.000000000000000E+00
        -1.000000000000000E+00
        -1.000000000000000E+00
        -1.000000000000000E+00
        -1.000000000000000E+00
        -1.000000000000000E+00
        -1.000000000000000E+00
        -1.000000000000000E+00
        -1.000000000000000E+00
        -1.000000000000000E+00
        -1.000000000000000E+00
        -1.000000000000000E+00
        -1.000000000000000E+00
        -1.000000000000000E+00
        -1.000000000000000E+00
        -1.000000000000000E+00
        -1.000000000000000E+00
        -1.500000000000000E+00
        -1.500000000000000E+00
        -1.500000000000000E+00
        -1.500000000000000E+00
        -1.500000000000000E+00
        -1.500000000000000E+00
        -1.500000000000000E+00
        -1.500000000000000E+00
        -1.500000000000000E+00
        -1.500000000000000E+00
        -1.500000000000000E+00
        -1.500000000000000E+00
        -1.500000000000000E+00
        -1.500000000000000E+00
        -1.500000000000000E+00
        -1.500000000000000E+00
        -1.500000000000000E+00
        -1.500000000000000E+00
        -1.500000000000000E+00
        -1.500000000000000E+00
        -1.500000000000000E+00
        -1.500000000000000E+00
        -1.500000000000000E+00
        -1.500000000000000E+00
        -1.500000000000000E+00
        -1.500000000000000E+00
        -1.500000000000000E+00
        -1.500000000000000E+00
        -1.500000000000000E+00
        -1.500000000000000E+00
        -1.500000000000000E+00
        -1.500000000000000E+00
        -1.500000000000000E+00
        -1.500000000000000E+00
        -1.500000000000000E+00
        -1.500000000000000E+00
        -1.500000000000000E+00
        -1.500000000000000E+00
        -1.500000000000000E+00
        -1.500000000000000E+00
        -1.500000000000000E+00
        -1.500000000000000E+00
        -2.000000000000000E+00
        -2.000000000000000E+00
        -2.000000000000000E+00
        -2.000000000000000E+00
        -2.000000000000000E+00
        -2.000000000000000E+00
        -2.000000000000000E+00
        -2.000000000000000E+00
        -2.000000000000000E+00
        -2.000000000000000E+00
        -2.000000000000000E+00
        -2.000000000000000E+00
        -2.000000000000000E+00
        -2.000000000000000E+00
        -2.000000000000000E+00
        -2.000000000000000E+00
        -2.000000000000000E+00
        -2.000000000000000E+00
        -2.000000000000000E+00
        -2.000000000000000E+00
        -2.000000000000000E+00
        -2.000000000000000E+00
        -2.000000000000000E+00
        -2.000000000000000E+00
        -2.000000000000000E+00
        -2.000000000000000E+00
        -2.000000000000000E+00
        -2.000000000000000E+00
        -2.000000000000000E+00
        -2.000000000000000E+00
        -2.000000000000000E+00
        -2.000000000000000E+00
        -2.000000000000000E+00
        -2.000000000000000E+00
        -2.000000000000000E+00
        -2.000000000000000E+00
        -2.000000000000000E+00
        -2.000000000000000E+00
        -2.000000000000000E+00
        -2.000000000000000E+00
        -2.000000000000000E+00
        -2.000000000000000E+00
        -2.500000000000000E+00
        -2.500000000000000E+00
        -2.500000000000000E+00
        -2.500000000000000E+00
        -2.500000000000000E+00
        -2.500000000000000E+00
        -2.500000000000000E+00
        -2.500000000000000E+00
        -2.500000000000000E+00
        -2.500000000000000E+00
        -2.500000000000000E+00
        -2.500000000000000E+00
        -2.500000000000000E+00
        -2.500000000000000E+00
        -2.500000000000000E+00
        -2.500000000000000E+00
        -2.500000000000000E+00
        -2.500000000000000E+00
        -2.500000000000000E+00
        -2.500000000000000E+00
        -2.500000000000000E+00
        -2.500000000000000E+00
        -2.500000000000000E+00
        -2.500000000000000E+00
        -2.500000000000000E+00
        -2.500000000000000E+00
        -2.500000000000000E+00
        -2.500000000000000E+00
        -2.500000000000000E+00
        -2.500000000000000E+00
        -2.500000000000000E+00
        -2.500000000000000E+00
        -2.500000000000000E+00
        -2.500000000000000E+00
        -2.500000000000000E+00
        -2.500000000000000E+00
        -2.500000000000000E+00
        -2.500000000000000E+00
        -2.500000000000000E+00
        -2.500000000000000E+00
        -2.500000000000000E+00
        -2.500000000000000E+00
        -3.000000000000000E+00
        -3.000000000000000E+00
        -3.000000000000000E+00
        -3.000000000000000E+00
        -3.000000000000000E+00
        -3.000000000000000E+00
        -3.000000000000000E+00
        -3.000000000000000E+00
        -3.000000000000000E+00
        -3.000000000000000E+00
        -3.000000000000000E+00
        -3.000000000000000E+00
        -3.000000000000000E+00
        -3.000000000000000E+00
        -3.000000000000000E+00
        -3.000000000000000E+00
        -3.000000000000000E+00
        -3.000000000000000E+00
        -3.000000000000000E+00
        -3.000000000000000E+00
        -3.000000000000000E+00
        -3.000000000000000E+00
        -3.000000000000000E+00
        -3.000000000000000E+00
        -3.000000000000000E+00
        -3.000000000000000E+00
        -3.000000000000000E+00
        -3.000000000000000E+00
        -3.000000000000000E+00
        -3.000000000000000E+00
        -3.000000000000000E+00
        -3.000000000000000E+00
        -3.000000000000000E+00
        -3.000000000000000E+00
        -3.000000000000000E+00
        -3.000000000000000E+00
        -3.000000000000000E+00
        -3.000000000000000E+00
        -3.000000000000000E+00
        -3.000000000000000E+00
        -3.000000000000000E+00
        -3.000000000000000E+00
        -3.500000000000000E+00
        -3.500000000000000E+00
        -3.500000000000000E+00
        -3.500000000000000E+00
        -3.500000000000000E+00
        -3.500000000000000E+00
        -3.500000000000000E+00
        -3.500000000000000E+00
        -3.500000000000000E+00
        -3.500000000000000E+00
        -3.500000000000000E+00
        -3.500000000000000E+00
        -3.500000000000000E+00
        -3.500000000000000E+00
        -3.500000000000000E+00
        -3.500000000000000E+00
        -3.500000000000000E+00
        -3.500000000000000E+00
        -3.500000000000000E+00
        -3.500000000000000E+00
        -3.500000000000000E+00
        -3.500000000000000E+00
        -3.500000000000000E+00
        -3.500000000000000E+00
        -3.500000000000000E+00
        -3.500000000000000E+00
        -3.500000000000000E+00
        -3.500000000000000E+00
        -3.500000000000000E+00
        -3.500000000000000E+00
        -3.500000000000000E+00
        -3.500000000000000E+00
        -3.500000000000000E+00
        -3.500000000000000E+00
        -3.500000000000000E+00
        -3.500000000000000E+00
        -3.500000000000000E+00
        -3.500000000000000E+00
        -3.500000000000000E+00
        -3.500000000000000E+00
        -3.500000000000000E+00
        -3.500000000000000E+00
        -4.000000000000000E+00
        -4.000000000000000E+00
        -4.000000000000000E+00
        -4.000000000000000E+00
        -4.000000000000000E+00
        -4.000000000000000E+00
        -4.000000000000000E+00
        -4.000000000000000E+00
        -4.000000000000000E+00
        -4.000000000000000E+00
        -4.000000000000000E+00
        -4.000000000000000E+00
        -4.000000000000000E+00
        -4.000000000000000E+00
        -4.000000000000000E+00
        -4.000000000000000E+00
        -4.000000000000000E+00
        -4.000000000000000E+00
        -4.000000000000000E+00
        -4.000000000000000E+00
        -4.000000000000000E+00
        -4.000000000000000E+00
        -4.000000000000000E+00
        -4.000000000000000E+00
        -4.000000000000000E+00
        -4.000000000000000E+00
        -4.000000000000000E+00
        -4.000000000000000E+00
        -4.000000000000000E+00
        -4.000000000000000E+00
        -4.000000000000000E+00
        -4.000000000000000E+00
        -4.000000000000000E+00
        -4.000000000000000E+00
        -4.000000000000000E+00
        -4.000000000000000E+00
        -4.000000000000000E+00
        -4.000000000000000E+00
        -4.000000000000000E+00
        -4.000000000000000E+00
        -4.000000000000000E+00
        -4.000000000000000E+00
        -4.500000000000000E+00
        -4.500000000000000E+00
        -4.500000000000000E+00
        -4.500000000000000E+00
        -4.500000000000000E+00
        -4.500000000000000E+00
        -4.500000000000000E+00
        -4.500000000000000E+00
        -4.500000000000000E+00
        -4.500000000000000E+00
        -4.500000000000000E+00
        -4.500000000000000E+00
        -4.500000000000000E+00
        -4.500000000000000E+00
        -4.500000000000000E+00
        -4.500000000000000E+00
        -4.500000000000000E+00
        -4.500000000000000E+00
        -4.500000000000000E+00
        -4.500000000000000E+00
        -4.500000000000000E+00
        -4.500000000000000E+00
        -4.500000000000000E+00
        -4.500000000000000E+00
        -4.500000000000000E+00
        -4.500000000000000E+00
        -4.500000000000000E+00
        -4.500000000000000E+00
        -4.500000000000000E+00
        -4.500000000000000E+00
        -4.500000000000000E+00
        -4.500000000000000E+00
        -4.500000000000000E+00
        -4.500000000000000E+00
        -4.500000000000000E+00
        -4.500000000000000E+00
        -4.500000000000000E+00
        -4.500000000000000E+00
        -4.500000000000000E+00
        -4.500000000000000E+00
        -4.500000000000000E+00
        -4.500000000000000E+00
        -5.000000000000000E+00
        -5.000000000000000E+00
        -5.000000000000000E+00
        -5.000000000000000E+00
        -5.000000000000000E+00
        -5.000000000000000E+00
        -5.000000000000000E+00
        -5.000000000000000E+00
        -5.000000000000000E+00
        -5.000000000000000E+00
        -5.000000000000000E+00
        -5.000000000000000E+00
        -5.000000000000000E+00
        -5.000000000000000E+00
        -5.000000000000000E+00
        -5.000000000000000E+00
        -5.000000000000000E+00
        -5.000000000000000E+00
        -5.000000000000000E+00
        -5.000000000000000E+00
        -5.000000000000000E+00
        -5.000000000000000E+00
        -5.000000000000000E+00
        -5.000000000000000E+00
        -5.000000000000000E+00
        -5.000000000000000E+00
        -5.000000000000000E+00
        -5.000000000000000E+00
        -5.000000000000000E+00
        -5.000000000000000E+00
        -5.000000000000000E+00
        -5.000000000000000E+00
        -5.000000000000000E+00
        -5.000000000000000E+00
        -5.000000000000000E+00
        -5.000000000000000E+00
        -5.000000000000000E+00
        -5.000000000000000E+00
        -5.000000000000000E+00
        -5.000000000000000E+00
        -5.000000000000000E+00
        -5.000000000000000E+00
        -5.500000000000000E+00
        -5.500000000000000E+00
        -5.500000000000000E+00
        -5.500000000000000E+00
        -5.500000000000000E+00
        -5.500000000000000E+00
        -5.500000000000000E+00
        -5.500000000000000E+00
        -5.500000000000000E+00
        -5.500000000000000E+00
        -5.500000000000000E+00
        -5.500000000000000E+00
        -5.500000000000000E+00
        -5.500000000000000E+00
        -5.500000000000000E+00
        -5.500000000000000E+00
        -5.500000000000000E+00
        -5.500000000000000E+00
        -5.500000000000000E+00
        -5.500000000000000E+00
        -5.500000000000000E+00
        -5.500000000000000E+00
        -6.000000000000000E+00
        -6.000000000000000E+00
        -6.000000000000000E+00
        -6.000000000000000E+00
        -6.000000000000000E+00
        -6.000000000000000E+00
        -6.000000000000000E+00
        -6.000000000000000E+00
        -6.000000000000000E+00
        -6.000000000000000E+00
        -6.000000000000000E+00
        -6.000000000000000E+00
        -6.000000000000000E+00
        -6.000000000000000E+00
        -6.000000000000000E+00
        -6.000000000000000E+00
        -6.000000000000000E+00
        -6.000000000000000E+00
        -6.000000000000000E+00
        -6.000000000000000E+00
        -6.000000000000000E+00
        -6.000000000000000E+00
        -6.500000000000000E+00
        -6.500000000000000E+00
        -6.500000000000000E+00
        -6.500000000000000E+00
        -6.500000000000000E+00
        -6.500000000000000E+00
        -6.500000000000000E+00
        -6.500000000000000E+00
        -6.500000000000000E+00
        -6.500000000000000E+00
        -6.500000000000000E+00
        -6.500000000000000E+00
        -6.500000000000000E+00
        -6.500000000000000E+00
        -6.500000000000000E+00
        -6.500000000000000E+00
        -6.500000000000000E+00
        -6.500000000000000E+00
        -6.500000000000000E+00
        -6.500000000000000E+00
        -6.500000000000000E+00
        -6.500000000000000E+00
        -7.000000000000000E+00
        -7.000000000000000E+00
        -7.000000000000000E+00
        -7.000000000000000E+00
        -7.000000000000000E+00
        -7.000000000000000E+00
        -7.000000000000000E+00
        -7.000000000000000E+00
        -7.000000000000000E+00
        -7.000000000000000E+00
        -7.000000000000000E+00
        -7.000000000000000E+00
        -7.000000000000000E+00
        -7.000000000000000E+00
        -7.000000000000000E+00
        -7.000000000000000E+00
        -7.000000000000000E+00
        -7.000000000000000E+00
        -7.000000000000000E+00
        -7.000000000000000E+00
        -7.000000000000000E+00
        -7.000000000000000E+00
        -7.500000000000000E+00
        -7.500000000000000E+00
        -7.500000000000000E+00
        -7.500000000000000E+00
        -7.500000000000000E+00
        -7.500000000000000E+00
        -7.500000000000000E+00
        -7.500000000000000E+00
        -7.500000000000000E+00
        -7.500000000000000E+00
        -7.500000000000000E+00
        -7.500000000000000E+00
        -7.500000000000000E+00
        -7.500000000000000E+00
        -7.500000000000000E+00
        -7.500000000000000E+00
        -7.500000000000000E+00
        -7.500000000000000E+00
        -7.500000000000000E+00
        -7.500000000000000E+00
        -7.500000000000000E+00
        -7.500000000000000E+00
        -8.000000000000000E+00
        -8.000000000000000E+00
        -8.000000000000000E+00
        -8.000000000000000E+00
        -8.000000000000000E+00
        -8.000000000000000E+00
        -8.000000000000000E+00
        -8.000000000000000E+00
        -8.000000000000000E+00
        -8.000000000000000E+00
        -8.000000000000000E+00
        -8.000000000000000E+00
        -8.000000000000000E+00
        -8.000000000000000E+00
        -8.000000000000000E+00
        -8.000000000000000E+00
        -8.000000000000000E+00
        -8.000000000000000E+00
        -8.000000000000000E+00
        -8.000000000000000E+00
        -8.000000000000000E+00
        -8.000000000000000E+00
        -8.500000000000000E+00
        -8.500000000000000E+00
        -8.500000000000000E+00
        -8.500000000000000E+00
        -8.500000000000000E+00
        -8.500000000000000E+00
        -8.500000000000000E+00
        -8.500000000000000E+00
        -8.500000000000000E+00
        -8.500000000000000E+00
        -8.500000000000000E+00
        -8.500000000000000E+00
        -8.500000000000000E+00
        -8.500000000000000E+00
        -8.500000000000000E+00
        -8.500000000000000E+00
        -8.500000000000000E+00
        -8.500000000000000E+00
        -8.500000000000000E+00
        -8.500000000000000E+00
        -8.500000000000000E+00
        -8.500000000000000E+00
        -9.000000000000000E+00
        -9.000000000000000E+00
        -9.000000000000000E+00
        -9.000000000000000E+00
        -9.000000000000000E+00
        -9.000000000000000E+00
        -9.000000000000000E+00
        -9.000000000000000E+00
        -9.000000000000000E+00
        -9.000000000000000E+00
        -9.000000000000000E+00
        -9.000000000000000E+00
        -9.000000000000000E+00
        -9.000000000000000E+00
        -9.000000000000000E+00
        -9.000000000000000E+00
        -9.000000000000000E+00
        -9.000000000000000E+00
        -9.000000000000000E+00
        -9.000000000000000E+00
        -9.000000000000000E+00
        -9.000000000000000E+00
        -9.500000000000000E+00
        -9.500000000000000E+00
        -9.500000000000000E+00
        -9.500000000000000E+00
        -9.500000000000000E+00
        -9.500000000000000E+00
        -9.500000000000000E+00
        -9.500000000000000E+00
        -9.500000000000000E+00
        -9.500000000000000E+00
        -9.500000000000000E+00
        -9.500000000000000E+00
        -9.500000000000000E+00
        -9.500000000000000E+00
        -9.500000000000000E+00
        -9.500000000000000E+00
        -9.500000000000000E+00
        -9.500000000000000E+00
        -9.500000000000000E+00
        -9.500000000000000E+00
        -9.500000000000000E+00
        -9.500000000000000E+00        
       -10.000000000000000E+00
       -10.000000000000000E+00
       -10.000000000000000E+00
       -10.000000000000000E+00
       -10.000000000000000E+00
       -10.000000000000000E+00
       -10.000000000000000E+00
       -10.000000000000000E+00
       -10.000000000000000E+00
       -10.000000000000000E+00
       -10.000000000000000E+00
       -10.000000000000000E+00
       -10.000000000000000E+00
       -10.000000000000000E+00
       -10.000000000000000E+00
       -10.000000000000000E+00
       -10.000000000000000E+00
       -10.000000000000000E+00
       -10.000000000000000E+00
       -10.000000000000000E+00
       -10.000000000000000E+00
       -10.000000000000000E+00
       